RPA Excitation Energies:
 #        Hartree                  eV         
--  --------------------  --------------------
 0        -11.1920443899       -304.5467198931
 1        -11.0918058048       -301.8191277536
 2        -11.0918058048       -301.8191277536
 3        -11.0918058048       -301.8191277536
 4        -11.0570161273       -300.8724658402
 5        -11.0570161273       -300.8724658402
 6        -11.0570161273       -300.8724658402
 7        -11.0153437688       -299.7385192922
 8        -11.0153437688       -299.7385192922
 9        -11.0153437688       -299.7385192922
10        -11.0153437688       -299.7385192922
11        -11.0153437688       -299.7385192922
12        -11.0153437688       -299.7385192922
13        -11.0153437688       -299.7385192922
14        -11.0153437688       -299.7385192922
15        -11.0153437688       -299.7385192922
16         -1.3413754999        -36.5001687275
17         -1.2436343096        -33.8405331976
18         -1.2436343096        -33.8405331976
19         -1.2436343096        -33.8405331976
20         -1.2319714851        -33.5231760824
21         -1.2319714851        -33.5231760824
22         -1.2319714851        -33.5231760824
23         -1.1611159110        -31.5951250540
24         -1.1611159110        -31.5951250540
25         -1.1611159110        -31.5951250540
26         -1.1611159110        -31.5951250540
27         -1.1611159110        -31.5951250540
28         -1.1611159110        -31.5951250540
29         -1.1611159110        -31.5951250540
30         -1.1611159110        -31.5951250540
31         -1.1611159110        -31.5951250540
32         -1.0250451839        -27.8925044984
33         -0.9131485984        -24.8476865100
34         -0.9131485984        -24.8476865100
35         -0.9131485984        -24.8476865100
36         -0.8859617574        -24.1079053817
37         -0.8859617574        -24.1079053817
38         -0.8859617574        -24.1079053817
39         -0.8454699509        -23.0060828334
40         -0.8454699509        -23.0060828334
41         -0.8454699509        -23.0060828334
42         -0.8454699509        -23.0060828334
43         -0.8454699509        -23.0060828334
44         -0.8454699509        -23.0060828334
45         -0.8454699509        -23.0060828334
46         -0.8454699509        -23.0060828334
47         -0.8454699509        -23.0060828334
48         -0.8360443539        -22.7496029142
49         -0.8360443539        -22.7496029142
50         -0.8167562952        -22.2247555485
51         -0.8167562952        -22.2247555485
52         -0.8167562952        -22.2247555485
53         -0.8103245505        -22.0497413444
54         -0.8103245505        -22.0497413444
55         -0.8103245505        -22.0497413444
56         -0.8103245505        -22.0497413444
57         -0.8103245505        -22.0497413444
58         -0.8103245505        -22.0497413444
59         -0.8103245505        -22.0497413444
60         -0.8103245505        -22.0497413444
61         -0.8103245505        -22.0497413444
62         -0.7914475213        -21.5360785018
63         -0.7914475213        -21.5360785018
64         -0.7914475213        -21.5360785018
65         -0.7914475213        -21.5360785018
66         -0.7914475213        -21.5360785018
67         -0.7914475213        -21.5360785018
68         -0.6390526798        -17.3892624692
69         -0.6390526798        -17.3892624692
70         -0.6390526798        -17.3892624692
71         -0.6390526798        -17.3892624692
72         -0.6390526798        -17.3892624692
73         -0.6390526798        -17.3892624692
74         -0.6390526798        -17.3892624692
75         -0.6390526798        -17.3892624692
76         -0.6390526798        -17.3892624692
77         -0.5656719613        -15.3924997386
78         -0.5656719613        -15.3924997386
79         -0.5656719613        -15.3924997386
80          0.5656719613         15.3924997386
81          0.5656719613         15.3924997386
82          0.5656719613         15.3924997386
83          0.6390526798         17.3892624692
84          0.6390526798         17.3892624692
85          0.6390526798         17.3892624692
86          0.6390526798         17.3892624692
87          0.6390526798         17.3892624692
88          0.6390526798         17.3892624692
89          0.6390526798         17.3892624692
90          0.6390526798         17.3892624692
91          0.6390526798         17.3892624692
92          0.7914475213         21.5360785018
93          0.7914475213         21.5360785018
94          0.7914475213         21.5360785018
95          0.7914475213         21.5360785018
96          0.7914475213         21.5360785018
97          0.7914475213         21.5360785018
98          0.8103245505         22.0497413444
99          0.8103245505         22.0497413444
100          0.8103245505         22.0497413444
101          0.8103245505         22.0497413444
102          0.8103245505         22.0497413444
103          0.8103245505         22.0497413444
104          0.8103245505         22.0497413444
105          0.8103245505         22.0497413444
106          0.8103245505         22.0497413444
107          0.8167562952         22.2247555485
108          0.8167562952         22.2247555485
109          0.8167562952         22.2247555485
110          0.8360443539         22.7496029142
111          0.8360443539         22.7496029142
112          0.8454699509         23.0060828334
113          0.8454699509         23.0060828334
114          0.8454699509         23.0060828334
115          0.8454699509         23.0060828334
116          0.8454699509         23.0060828334
117          0.8454699509         23.0060828334
118          0.8454699509         23.0060828334
119          0.8454699509         23.0060828334
120          0.8454699509         23.0060828334
121          0.8859617574         24.1079053817
122          0.8859617574         24.1079053817
123          0.8859617574         24.1079053817
124          0.9131485984         24.8476865100
125          0.9131485984         24.8476865100
126          0.9131485984         24.8476865100
127          1.0250451839         27.8925044984
128          1.1611159110         31.5951250540
129          1.1611159110         31.5951250540
130          1.1611159110         31.5951250540
131          1.1611159110         31.5951250540
132          1.1611159110         31.5951250540
133          1.1611159110         31.5951250540
134          1.1611159110         31.5951250540
135          1.1611159110         31.5951250540
136          1.1611159110         31.5951250540
137          1.2319714851         33.5231760824
138          1.2319714851         33.5231760824
139          1.2319714851         33.5231760824
140          1.2436343096         33.8405331976
141          1.2436343096         33.8405331976
142          1.2436343096         33.8405331976
143          1.3413754999         36.5001687275
144         11.0153437688        299.7385192922
145         11.0153437688        299.7385192922
146         11.0153437688        299.7385192922
147         11.0153437688        299.7385192922
148         11.0153437688        299.7385192922
149         11.0153437688        299.7385192922
150         11.0153437688        299.7385192922
151         11.0153437688        299.7385192922
152         11.0153437688        299.7385192922
153         11.0570161273        300.8724658402
154         11.0570161273        300.8724658402
155         11.0570161273        300.8724658402
156         11.0918058048        301.8191277536
157         11.0918058048        301.8191277536
158         11.0918058048        301.8191277536
159         11.1920443899        304.5467198931
