RPA Excitation Energies:
 #        Hartree                  eV         
--  --------------------  --------------------
 0          0.5656719613         15.3924997386
 1          0.5656719613         15.3924997386
 2          0.5656719613         15.3924997386
 3          0.6390526798         17.3892624692
 4          0.6390526798         17.3892624692
 5          0.6390526798         17.3892624692
 6          0.6390526798         17.3892624692
 7          0.6390526798         17.3892624692
 8          0.6390526798         17.3892624692
 9          0.6390526798         17.3892624692
10          0.6390526798         17.3892624692
11          0.6390526798         17.3892624692
12          0.7914475213         21.5360785018
13          0.7914475213         21.5360785018
14          0.7914475213         21.5360785018
15          0.7914475213         21.5360785018
16          0.7914475213         21.5360785018
17          0.7914475213         21.5360785018
18          0.8103245505         22.0497413444
19          0.8103245505         22.0497413444
20          0.8103245505         22.0497413444
21          0.8103245505         22.0497413444
22          0.8103245505         22.0497413444
23          0.8103245505         22.0497413444
24          0.8103245505         22.0497413444
25          0.8103245505         22.0497413444
26          0.8103245505         22.0497413444
27          0.8167562952         22.2247555485
28          0.8167562952         22.2247555485
29          0.8167562952         22.2247555485
30          0.8360443539         22.7496029142
31          0.8360443539         22.7496029142
32          0.8454699509         23.0060828334
33          0.8454699509         23.0060828334
34          0.8454699509         23.0060828334
35          0.8454699509         23.0060828334
36          0.8454699509         23.0060828334
37          0.8454699509         23.0060828334
38          0.8454699509         23.0060828334
39          0.8454699509         23.0060828334
40          0.8454699509         23.0060828334
41          0.8859617574         24.1079053817
42          0.8859617574         24.1079053817
43          0.8859617574         24.1079053817
44          0.9131485984         24.8476865100
45          0.9131485984         24.8476865100
46          0.9131485984         24.8476865100
47          1.0250451839         27.8925044984
48          1.1611159110         31.5951250540
49          1.1611159110         31.5951250540
50          1.1611159110         31.5951250540
51          1.1611159110         31.5951250540
52          1.1611159110         31.5951250540
53          1.1611159110         31.5951250540
54          1.1611159110         31.5951250540
55          1.1611159110         31.5951250540
56          1.1611159110         31.5951250540
57          1.2319714851         33.5231760824
58          1.2319714851         33.5231760824
59          1.2319714851         33.5231760824
60          1.2436343096         33.8405331976
61          1.2436343096         33.8405331976
62          1.2436343096         33.8405331976
63          1.3413754999         36.5001687275
64         11.0153437688        299.7385192922
65         11.0153437688        299.7385192922
66         11.0153437688        299.7385192922
67         11.0153437688        299.7385192922
68         11.0153437688        299.7385192922
69         11.0153437688        299.7385192922
70         11.0153437688        299.7385192922
71         11.0153437688        299.7385192922
72         11.0153437688        299.7385192922
73         11.0570161273        300.8724658402
74         11.0570161273        300.8724658402
75         11.0570161273        300.8724658402
76         11.0918058048        301.8191277536
77         11.0918058048        301.8191277536
78         11.0918058048        301.8191277536
79         11.1920443899        304.5467198931
