CIS Excitation Energies:
 #        Hartree                  eV         
--  --------------------  --------------------
 0          0.6020603967         16.3826654551
 1          0.6020603967         16.3826654551
 2          0.6020603967         16.3826654551
 3          0.6546366260         17.8133172292
 4          0.6546366260         17.8133172292
 5          0.6546366260         17.8133172292
 6          0.6546366260         17.8133172292
 7          0.6546366260         17.8133172292
 8          0.6546366260         17.8133172292
 9          0.6546366260         17.8133172292
10          0.6546366260         17.8133172292
11          0.6546366260         17.8133172292
12          0.7925534416         21.5661717003
13          0.7925534416         21.5661717003
14          0.7925534416         21.5661717003
15          0.7925534416         21.5661717003
16          0.7925534416         21.5661717003
17          0.7925534416         21.5661717003
18          0.8104989266         22.0544862905
19          0.8104989266         22.0544862905
20          0.8104989266         22.0544862905
21          0.8104989266         22.0544862905
22          0.8104989266         22.0544862905
23          0.8104989266         22.0544862905
24          0.8104989266         22.0544862905
25          0.8104989266         22.0544862905
26          0.8104989266         22.0544862905
27          0.8170915540         22.2338782755
28          0.8170915540         22.2338782755
29          0.8170915540         22.2338782755
30          0.8360459590         22.7496465909
31          0.8360459590         22.7496465909
32          0.8486146550         23.0916533779
33          0.8486146550         23.0916533779
34          0.8486146550         23.0916533779
35          0.8486146550         23.0916533779
36          0.8486146550         23.0916533779
37          0.8486146550         23.0916533779
38          0.8486146550         23.0916533779
39          0.8486146550         23.0916533779
40          0.8486146550         23.0916533779
41          0.8913704032         24.2550800412
42          0.8913704032         24.2550800412
43          0.8913704032         24.2550800412
44          0.9136371036         24.8609792263
45          0.9136371036         24.8609792263
46          0.9136371036         24.8609792263
47          1.0550274759         28.7083526472
48          1.1630382205         31.6474330168
49          1.1630382205         31.6474330168
50          1.1630382205         31.6474330168
51          1.1630382205         31.6474330168
52          1.1630382205         31.6474330168
53          1.1630382205         31.6474330168
54          1.1630382205         31.6474330168
55          1.1630382205         31.6474330168
56          1.1630382205         31.6474330168
57          1.2328669461         33.5475424711
58          1.2328669461         33.5475424711
59          1.2328669461         33.5475424711
60          1.2450464833         33.8789598567
61          1.2450464833         33.8789598567
62          1.2450464833         33.8789598567
63          1.3671423280         37.2013098866
64         11.0153873178        299.7397043034
65         11.0153873178        299.7397043034
66         11.0153873178        299.7397043034
67         11.0153873178        299.7397043034
68         11.0153873178        299.7397043034
69         11.0153873178        299.7397043034
70         11.0153873178        299.7397043034
71         11.0153873178        299.7397043034
72         11.0153873178        299.7397043034
73         11.0571105649        300.8750355807
74         11.0571105649        300.8750355807
75         11.0571105649        300.8750355807
76         11.0919527271        301.8231256577
77         11.0919527271        301.8231256577
78         11.0919527271        301.8231256577
79         11.1922772144        304.5530552801
