
Hessian eigenvalues (hartree/amu-bohr^2):
  35         0.5504194388
  34         0.5372530704
  33         0.5351184811
  32         0.5255730312
  31         0.5062966607
  30         0.4992575932
  29         0.4845191221
  28         0.1594678267
  27         0.1246207278
  26         0.1240628138
  25         0.1124389759
  24         0.1102183592
  23         0.0940432225
  22         0.0897847299
  21         0.0836000497
  20         0.0690595364
  19         0.0640720123
  18         0.0595822760
  17         0.0569922250
  16         0.0512084824
  15         0.0498908695
  14         0.0410337099
  13         0.0283830220
  12         0.0213722484
  11         0.0088837125
  10         0.0065288923
   9         0.0046443780
   8         0.0028070052
   7         0.0022837821
   6         0.0000001155
   5         0.0000000871
   4         0.0000000051
   3         0.0000000000
   2         0.0000000000
   1         0.0000000000
   0        -0.0004144295

Harmonic vibrational frequencies (cm^-1):
  35 3813.7387
  34 3767.8491
  33 3760.3566
  32 3726.6670
  31 3657.6874
  30 3632.1719
  29 3578.1580
  28 2052.7714
  27 1814.6764
  26 1810.6098
  25 1723.7032
  24 1706.5972
  23 1576.4050
  22 1540.2999
  21 1486.3029
  20 1350.8772
  19 1301.1826
  18 1254.7656
  17 1227.1901
  16 1163.2552
  15 1148.1922
  14 1041.2966
  13  866.0309
  12  751.5003
  11  484.5084
  10  415.3592
   9  350.3223
   8  272.3489
   7  245.6583
   6    1.7468
   5    1.5170
   4    0.3667
   3    0.0305
   2    0.0290
   1    0.0099
   0  104.6476i
