
Hessian eigenvalues (hartree/amu-bohr^2):
  35         0.5314353702
  34         0.5283614298
  33         0.5283614298
  32         0.5244972742
  31         0.5244972740
  30         0.5193180123
  29         0.1413237674
  28         0.1413237674
  27         0.1189063721
  26         0.1189063720
  25         0.0963092312
  24         0.0717564425
  23         0.0711678923
  22         0.0711678923
  21         0.0568687601
  20         0.0568687601
  19         0.0558373314
  18         0.0536488003
  17         0.0536488003
  16         0.0520195118
  15         0.0506351705
  14         0.0504228694
  13         0.0407588957
  12         0.0407588957
  11         0.0267799115
  10         0.0248951024
   9         0.0185522334
   8         0.0185522334
   7         0.0086494099
   6         0.0086494099
   5         0.0000000170
   4         0.0000000169
   3         0.0000000169
   2         0.0000000000
   1        -0.0000000000
   0        -0.0000000000

Harmonic vibrational frequencies (cm^-1):
  35 3747.3933
  34 3736.5397
  33 3736.5397
  32 3722.8511
  31 3722.8511
  30 3704.4245
  29 1932.4651
  28 1932.4651
  27 1772.5832
  26 1772.5831
  25 1595.2840
  24 1377.0018
  23 1371.3430
  22 1371.3430
  21 1225.8602
  20 1225.8602
  19 1214.6926
  18 1190.6498
  17 1190.6498
  16 1172.4307
  15 1156.7252
  14 1154.2977
  13 1037.8038
  12 1037.8038
  11  841.2181
  10  811.0750
   9  700.1678
   8  700.1678
   7  478.0764
   6  478.0764
   5    0.6694
   4    0.6683
   3    0.6683
   2    0.0247
   1    0.0116i
   0    0.0165i
