RPA Excitation Energies:
 #        Hartree                  eV         
--  --------------------  --------------------
 0          0.2851637170          7.7595899029
 1          0.2851637170          7.7595899029
 2          0.2851637170          7.7595899029
 3          0.2997434467          8.1563189292
 4          0.2997434467          8.1563189292
 5          0.2997434467          8.1563189292
 6          0.3526266606          9.5953240628
 7          0.3526266606          9.5953240628
 8          0.3526266606          9.5953240628
 9          0.3547782530          9.6538710427
10          0.3651313107          9.9355880949
11          0.3651313107          9.9355880949
12          0.3651313107          9.9355880949
13          0.4153174946         11.3012043465
14          0.5001011401         13.6082521222
15          0.5106610509         13.8955978550
16          0.5106610509         13.8955978550
17          0.5106610509         13.8955978550
18          0.5460719086         14.8591627038
19          0.5460719086         14.8591627038
20          0.5460719086         14.8591627038
21          0.5513718846         15.0033803508
22          0.6502707118         17.6945163383
23          0.8734253708         23.7667777637
24          1.1038187957         30.0360132492
25          1.1038187957         30.0360132492
26          1.1038187957         30.0360132492
27          1.1957870714         32.5385620002
28          1.1957870714         32.5385620002
29          1.1957870714         32.5385620002
30          1.2832053178         34.9172999015
31          1.3237421886         36.0203486946
32         19.9585040647        543.0908541050
33         19.9585040647        543.0908541050
34         19.9585040647        543.0908541050
35         20.0109471551        544.5178830377
36         20.0113074586        544.5276872551
37         20.0113074586        544.5276872551
38         20.0113074586        544.5276872551
39         20.0504919449        545.5939363129
