RPA Excitation Energies:
 #        Hartree                  eV         
--  --------------------  --------------------
 0        -20.0504919449       -545.5939363129
 1        -20.0113074586       -544.5276872551
 2        -20.0113074586       -544.5276872551
 3        -20.0113074586       -544.5276872551
 4        -20.0109471551       -544.5178830377
 5        -19.9585040647       -543.0908541050
 6        -19.9585040647       -543.0908541050
 7        -19.9585040647       -543.0908541050
 8         -1.3237421886        -36.0203486946
 9         -1.2832053178        -34.9172999015
10         -1.1957870714        -32.5385620002
11         -1.1957870714        -32.5385620002
12         -1.1957870714        -32.5385620002
13         -1.1038187957        -30.0360132492
14         -1.1038187957        -30.0360132492
15         -1.1038187957        -30.0360132492
16         -0.8734253708        -23.7667777637
17         -0.6502707118        -17.6945163383
18         -0.5513718846        -15.0033803508
19         -0.5460719086        -14.8591627038
20         -0.5460719086        -14.8591627038
21         -0.5460719086        -14.8591627038
22         -0.5106610509        -13.8955978550
23         -0.5106610509        -13.8955978550
24         -0.5106610509        -13.8955978550
25         -0.5001011401        -13.6082521222
26         -0.4153174946        -11.3012043465
27         -0.3651313107         -9.9355880949
28         -0.3651313107         -9.9355880949
29         -0.3651313107         -9.9355880949
30         -0.3547782530         -9.6538710427
31         -0.3526266606         -9.5953240628
32         -0.3526266606         -9.5953240628
33         -0.3526266606         -9.5953240628
34         -0.2997434467         -8.1563189292
35         -0.2997434467         -8.1563189292
36         -0.2997434467         -8.1563189292
37         -0.2851637170         -7.7595899029
38         -0.2851637170         -7.7595899029
39         -0.2851637170         -7.7595899029
40          0.2851637170          7.7595899029
41          0.2851637170          7.7595899029
42          0.2851637170          7.7595899029
43          0.2997434467          8.1563189292
44          0.2997434467          8.1563189292
45          0.2997434467          8.1563189292
46          0.3526266606          9.5953240628
47          0.3526266606          9.5953240628
48          0.3526266606          9.5953240628
49          0.3547782530          9.6538710427
50          0.3651313107          9.9355880949
51          0.3651313107          9.9355880949
52          0.3651313107          9.9355880949
53          0.4153174946         11.3012043465
54          0.5001011401         13.6082521222
55          0.5106610509         13.8955978550
56          0.5106610509         13.8955978550
57          0.5106610509         13.8955978550
58          0.5460719086         14.8591627038
59          0.5460719086         14.8591627038
60          0.5460719086         14.8591627038
61          0.5513718846         15.0033803508
62          0.6502707118         17.6945163383
63          0.8734253708         23.7667777637
64          1.1038187957         30.0360132492
65          1.1038187957         30.0360132492
66          1.1038187957         30.0360132492
67          1.1957870714         32.5385620002
68          1.1957870714         32.5385620002
69          1.1957870714         32.5385620002
70          1.2832053178         34.9172999015
71          1.3237421886         36.0203486946
72         19.9585040647        543.0908541050
73         19.9585040647        543.0908541050
74         19.9585040647        543.0908541050
75         20.0109471551        544.5178830377
76         20.0113074586        544.5276872551
77         20.0113074586        544.5276872551
78         20.0113074586        544.5276872551
79         20.0504919449        545.5939363129
