CIS Excitation Energies:
 #        Hartree                  eV         
--  --------------------  --------------------
 0          0.2872554996          7.8165094000
 1          0.2872554996          7.8165094000
 2          0.2872554996          7.8165094000
 3          0.3444249963          9.3721485742
 4          0.3444249963          9.3721485742
 5          0.3444249963          9.3721485742
 6          0.3564617587          9.6996809147
 7          0.3659889948          9.9589265386
 8          0.3659889948          9.9589265386
 9          0.3659889948          9.9589265386
10          0.3945137992         10.7351149906
11          0.3945137992         10.7351149906
12          0.3945137992         10.7351149906
13          0.4160717386         11.3217280788
14          0.5056282877         13.7586513356
15          0.5142899971         13.9943451123
16          0.5142899971         13.9943451123
17          0.5142899971         13.9943451123
18          0.5551918860         15.1073264088
19          0.5630557635         15.3213103815
20          0.5630557635         15.3213103815
21          0.5630557635         15.3213103815
22          0.6553184485         17.8318703012
23          0.9101216891         24.7653212808
24          1.1087709658         30.1707667495
25          1.1087709658         30.1707667495
26          1.1087709658         30.1707667495
27          1.2000961331         32.6558158774
28          1.2000961331         32.6558158774
29          1.2000961331         32.6558158774
30          1.3007851948         35.3956659366
31          1.3257620652         36.0753115562
32         19.9585264123        543.0914622058
33         19.9585264123        543.0914622058
34         19.9585264123        543.0914622058
35         20.0109794203        544.5187610062
36         20.0113420895        544.5286295981
37         20.0113420895        544.5286295981
38         20.0113420895        544.5286295981
39         20.0505319444        545.5950247379
