RPA Excitation Energies:
 #        Hartree                  eV         
--  --------------------  --------------------
 0        -61.4891345044      -1673.1808389998
 1        -59.3835794777      -1615.8865811678
 2        -59.3835794777      -1615.8865811678
 3        -59.3835794777      -1615.8865811678
 4        -43.6850527055      -1188.7139691694
 5        -43.5517652522      -1185.0870842781
 6        -43.5517652522      -1185.0870842781
 7        -43.5517652522      -1185.0870842781
 8        -43.1360187270      -1173.7742055813
 9        -43.1142285714      -1173.1812736557
10        -43.1142285714      -1173.1812736557
11        -43.1142285714      -1173.1812736557
12        -42.9401448873      -1168.4442825278
13        -42.8860510290      -1166.9723345503
14        -42.8860510290      -1166.9723345503
15        -42.8860510290      -1166.9723345503
16        -42.7980840912      -1164.5786662060
17        -42.7621525954      -1163.6009342744
18        -42.7621525954      -1163.6009342744
19        -42.7621525954      -1163.6009342744
20        -21.5210414842       -585.6090598276
21        -21.4385839521       -583.3653079218
22        -21.4385839521       -583.3653079218
23        -21.4385839521       -583.3653079218
24        -21.2302607735       -577.6966259084
25        -21.2280501556       -577.6364727843
26        -21.2280501556       -577.6364727843
27        -21.2280501556       -577.6364727843
28        -21.2057111961       -577.0286073580
29        -21.1522912000       -575.5749958436
30        -21.1522912000       -575.5749958436
31        -21.1522912000       -575.5749958436
32        -20.9424014458       -569.8636857426
33        -20.9085871992       -568.9435662784
34        -20.9085871992       -568.9435662784
35        -20.9085871992       -568.9435662784
36        -20.7605069175       -564.9141537329
37        -20.6969385212       -563.1843940993
38        -20.6969385212       -563.1843940993
39        -20.6969385212       -563.1843940993
40        -20.6891875564       -562.9734825971
41        -20.6192195219       -561.0695824114
42        -20.6192195219       -561.0695824114
43        -20.6192195219       -561.0695824114
44        -20.1964961770       -549.5668574711
45        -20.1813433999       -549.1545352538
46        -20.1304669012       -547.7701348498
47        -20.1304669012       -547.7701348498
48        -20.1304669012       -547.7701348498
49        -20.1081729795       -547.1634949464
50        -20.1081729795       -547.1634949464
51        -20.1081729795       -547.1634949464
52         -2.4912180490        -67.7885343310
53         -2.3495377688        -63.9332722255
54         -2.3495377688        -63.9332722255
55         -2.3495377688        -63.9332722255
56         -1.9967810945        -54.3344103626
57         -1.9909510815        -54.1757698794
58         -1.9580240090        -53.2797913082
59         -1.9580240090        -53.2797913082
60         -1.9580240090        -53.2797913082
61         -1.9507087396        -53.0807355128
62         -1.9507087396        -53.0807355128
63         -1.9507087396        -53.0807355128
64         -1.8484993758        -50.2995165143
65         -1.8389879536        -50.0407012066
66         -1.8389879536        -50.0407012066
67         -1.8389879536        -50.0407012066
68         -1.7955533375        -48.8588018657
69         -1.7408572152        -47.3704656834
70         -1.7178946274        -46.7456307049
71         -1.7178946274        -46.7456307049
72         -1.7178946274        -46.7456307049
73         -1.7052295875        -46.4010023058
74         -1.7052295875        -46.4010023058
75         -1.7052295875        -46.4010023058
76         -1.6982326585        -46.2106088698
77         -1.6942859733        -46.1032156199
78         -1.6681323047        -45.3915481419
79         -1.6681323047        -45.3915481419
80         -1.6681323047        -45.3915481419
81         -1.6296345685        -44.3439862434
82         -1.5957624529        -43.4222921055
83         -1.5957624529        -43.4222921055
84         -1.5957624529        -43.4222921055
85         -1.4952406969        -40.6869946041
86         -1.4952406969        -40.6869946041
87         -1.4952406969        -40.6869946041
88         -1.4807532727        -40.2927773043
89         -1.3863510746        -37.7239990909
90         -1.3272879981        -36.1168337167
91         -1.3039411132        -35.4815416313
92         -1.3039411132        -35.4815416313
93         -1.3039411132        -35.4815416313
94         -1.3010908534        -35.4039832107
95         -1.3010908534        -35.4039832107
96         -1.3010908534        -35.4039832107
97         -1.2835315942        -34.9261782094
98         -1.2699369794        -34.5562551452
99         -1.2047405229        -32.7821943681
100         -1.1990338349        -32.6269096825
101         -1.1905863148        -32.3970442108
102         -1.1905863148        -32.3970442108
103         -1.1905863148        -32.3970442108
104         -1.1814597603        -32.1487015362
105         -1.1814597603        -32.1487015362
106         -1.1814597603        -32.1487015362
107         -1.1792733838        -32.0892080464
108         -1.1792733838        -32.0892080464
109         -1.1792733838        -32.0892080464
110         -1.1758327222        -31.9955842029
111         -1.1753092211        -31.9813392152
112         -1.1753092211        -31.9813392152
113         -1.1753092211        -31.9813392152
114         -1.1475558667        -31.2261426891
115         -1.1388720042        -30.9898461062
116         -1.1388720042        -30.9898461062
117         -1.1388720042        -30.9898461062
118         -1.1017288367        -29.9791433743
119         -1.0910548099        -29.6886924329
120         -1.0910548099        -29.6886924329
121         -1.0910548099        -29.6886924329
122         -1.0798335665        -29.3833511768
123         -1.0791284900        -29.3641653409
124         -1.0609414821        -28.8692786707
125         -1.0609414821        -28.8692786707
126         -1.0609414821        -28.8692786707
127         -1.0543861132        -28.6909005273
128         -1.0398010420        -28.2940261545
129         -1.0398010420        -28.2940261545
130         -1.0398010420        -28.2940261545
131         -1.0363872957        -28.2011347046
132         -1.0363872957        -28.2011347046
133         -1.0363872957        -28.2011347046
134         -1.0183208743        -27.7095293104
135         -1.0142892498        -27.5998247752
136         -1.0142892498        -27.5998247752
137         -1.0142892498        -27.5998247752
138         -0.9861547467        -26.8342568122
139         -0.9861547467        -26.8342568122
140         -0.9861547467        -26.8342568122
141         -0.9315745593        -25.3490753336
142         -0.9147647449        -24.8916634733
143         -0.9116099455        -24.8058182263
144         -0.9116099455        -24.8058182263
145         -0.9116099455        -24.8058182263
146         -0.8967505042        -24.4014779697
147         -0.8789143569        -23.9161385664
148         -0.8789143569        -23.9161385664
149         -0.8789143569        -23.9161385664
150         -0.8453707737        -23.0033841229
151         -0.8453707737        -23.0033841229
152         -0.8453707737        -23.0033841229
153         -0.7432112818        -20.2235221897
154         -0.7432112818        -20.2235221897
155         -0.7432112818        -20.2235221897
156         -0.6008413336        -16.3494935283
157         -0.4873207212        -13.2604841437
158         -0.4334070450        -11.7934391018
159         -0.4284475765        -11.6584870029
160         -0.4284475765        -11.6584870029
161         -0.4284475765        -11.6584870029
162         -0.4070382580        -11.0759180378
163         -0.4070382580        -11.0759180378
164         -0.4070382580        -11.0759180378
165         -0.3800739542        -10.3421923684
166         -0.3427717403         -9.3271618244
167         -0.3111679098         -8.4671899948
168         -0.3111679098         -8.4671899948
169         -0.3111679098         -8.4671899948
170         -0.3073528488         -8.3633783674
171         -0.3073528488         -8.3633783674
172         -0.3073528488         -8.3633783674
173         -0.2896457262         -7.8815498545
174         -0.2637567614         -7.1770852349
175         -0.2637567614         -7.1770852349
176         -0.2637567614         -7.1770852349
177         -0.2458308730         -6.6893038844
178         -0.2458308730         -6.6893038844
179         -0.2458308730         -6.6893038844
180          0.2458308730          6.6893038844
181          0.2458308730          6.6893038844
182          0.2458308730          6.6893038844
183          0.2637567614          7.1770852349
184          0.2637567614          7.1770852349
185          0.2637567614          7.1770852349
186          0.2896457262          7.8815498545
187          0.3073528488          8.3633783674
188          0.3073528488          8.3633783674
189          0.3073528488          8.3633783674
190          0.3111679098          8.4671899948
191          0.3111679098          8.4671899948
192          0.3111679098          8.4671899948
193          0.3427717403          9.3271618244
194          0.3800739542         10.3421923684
195          0.4070382580         11.0759180378
196          0.4070382580         11.0759180378
197          0.4070382580         11.0759180378
198          0.4284475765         11.6584870029
199          0.4284475765         11.6584870029
200          0.4284475765         11.6584870029
201          0.4334070450         11.7934391018
202          0.4873207212         13.2604841437
203          0.6008413336         16.3494935283
204          0.7432112818         20.2235221897
205          0.7432112818         20.2235221897
206          0.7432112818         20.2235221897
207          0.8453707737         23.0033841229
208          0.8453707737         23.0033841229
209          0.8453707737         23.0033841229
210          0.8789143569         23.9161385664
211          0.8789143569         23.9161385664
212          0.8789143569         23.9161385664
213          0.8967505042         24.4014779697
214          0.9116099455         24.8058182263
215          0.9116099455         24.8058182263
216          0.9116099455         24.8058182263
217          0.9147647449         24.8916634733
218          0.9315745593         25.3490753336
219          0.9861547467         26.8342568122
220          0.9861547467         26.8342568122
221          0.9861547467         26.8342568122
222          1.0142892498         27.5998247752
223          1.0142892498         27.5998247752
224          1.0142892498         27.5998247752
225          1.0183208743         27.7095293104
226          1.0363872957         28.2011347046
227          1.0363872957         28.2011347046
228          1.0363872957         28.2011347046
229          1.0398010420         28.2940261545
230          1.0398010420         28.2940261545
231          1.0398010420         28.2940261545
232          1.0543861132         28.6909005273
233          1.0609414821         28.8692786707
234          1.0609414821         28.8692786707
235          1.0609414821         28.8692786707
236          1.0791284900         29.3641653409
237          1.0798335665         29.3833511768
238          1.0910548099         29.6886924329
239          1.0910548099         29.6886924329
240          1.0910548099         29.6886924329
241          1.1017288367         29.9791433743
242          1.1388720042         30.9898461062
243          1.1388720042         30.9898461062
244          1.1388720042         30.9898461062
245          1.1475558667         31.2261426891
246          1.1753092211         31.9813392152
247          1.1753092211         31.9813392152
248          1.1753092211         31.9813392152
249          1.1758327222         31.9955842029
250          1.1792733838         32.0892080464
251          1.1792733838         32.0892080464
252          1.1792733838         32.0892080464
253          1.1814597603         32.1487015362
254          1.1814597603         32.1487015362
255          1.1814597603         32.1487015362
256          1.1905863148         32.3970442108
257          1.1905863148         32.3970442108
258          1.1905863148         32.3970442108
259          1.1990338349         32.6269096825
260          1.2047405229         32.7821943681
261          1.2699369794         34.5562551452
262          1.2835315942         34.9261782094
263          1.3010908534         35.4039832107
264          1.3010908534         35.4039832107
265          1.3010908534         35.4039832107
266          1.3039411132         35.4815416313
267          1.3039411132         35.4815416313
268          1.3039411132         35.4815416313
269          1.3272879981         36.1168337167
270          1.3863510746         37.7239990909
271          1.4807532727         40.2927773043
272          1.4952406969         40.6869946041
273          1.4952406969         40.6869946041
274          1.4952406969         40.6869946041
275          1.5957624529         43.4222921055
276          1.5957624529         43.4222921055
277          1.5957624529         43.4222921055
278          1.6296345685         44.3439862434
279          1.6681323047         45.3915481419
280          1.6681323047         45.3915481419
281          1.6681323047         45.3915481419
282          1.6942859733         46.1032156199
283          1.6982326585         46.2106088698
284          1.7052295875         46.4010023058
285          1.7052295875         46.4010023058
286          1.7052295875         46.4010023058
287          1.7178946274         46.7456307049
288          1.7178946274         46.7456307049
289          1.7178946274         46.7456307049
290          1.7408572152         47.3704656834
291          1.7955533375         48.8588018657
292          1.8389879536         50.0407012066
293          1.8389879536         50.0407012066
294          1.8389879536         50.0407012066
295          1.8484993758         50.2995165143
296          1.9507087396         53.0807355128
297          1.9507087396         53.0807355128
298          1.9507087396         53.0807355128
299          1.9580240090         53.2797913082
300          1.9580240090         53.2797913082
301          1.9580240090         53.2797913082
302          1.9909510815         54.1757698794
303          1.9967810945         54.3344103626
304          2.3495377688         63.9332722255
305          2.3495377688         63.9332722255
306          2.3495377688         63.9332722255
307          2.4912180490         67.7885343310
308         20.1081729795        547.1634949464
309         20.1081729795        547.1634949464
310         20.1081729795        547.1634949464
311         20.1304669012        547.7701348498
312         20.1304669012        547.7701348498
313         20.1304669012        547.7701348498
314         20.1813433999        549.1545352538
315         20.1964961770        549.5668574711
316         20.6192195219        561.0695824114
317         20.6192195219        561.0695824114
318         20.6192195219        561.0695824114
319         20.6891875564        562.9734825971
320         20.6969385212        563.1843940993
321         20.6969385212        563.1843940993
322         20.6969385212        563.1843940993
323         20.7605069175        564.9141537329
324         20.9085871992        568.9435662784
325         20.9085871992        568.9435662784
326         20.9085871992        568.9435662784
327         20.9424014458        569.8636857426
328         21.1522912000        575.5749958436
329         21.1522912000        575.5749958436
330         21.1522912000        575.5749958436
331         21.2057111961        577.0286073580
332         21.2280501556        577.6364727843
333         21.2280501556        577.6364727843
334         21.2280501556        577.6364727843
335         21.2302607735        577.6966259084
336         21.4385839521        583.3653079218
337         21.4385839521        583.3653079218
338         21.4385839521        583.3653079218
339         21.5210414842        585.6090598276
340         42.7621525954       1163.6009342744
341         42.7621525954       1163.6009342744
342         42.7621525954       1163.6009342744
343         42.7980840912       1164.5786662060
344         42.8860510290       1166.9723345503
345         42.8860510290       1166.9723345503
346         42.8860510290       1166.9723345503
347         42.9401448873       1168.4442825278
348         43.1142285714       1173.1812736557
349         43.1142285714       1173.1812736557
350         43.1142285714       1173.1812736557
351         43.1360187270       1173.7742055813
352         43.5517652522       1185.0870842781
353         43.5517652522       1185.0870842781
354         43.5517652522       1185.0870842781
355         43.6850527055       1188.7139691694
356         59.3835794777       1615.8865811678
357         59.3835794777       1615.8865811678
358         59.3835794777       1615.8865811678
359         61.4891345044       1673.1808389998
