RPA Excitation Energies:
 #        Hartree                  eV         
--  --------------------  --------------------
 0          0.2458308730          6.6893038844
 1          0.2458308730          6.6893038844
 2          0.2458308730          6.6893038844
 3          0.2637567614          7.1770852349
 4          0.2637567614          7.1770852349
 5          0.2637567614          7.1770852349
 6          0.2896457262          7.8815498545
 7          0.3073528488          8.3633783674
 8          0.3073528488          8.3633783674
 9          0.3073528488          8.3633783674
10          0.3111679098          8.4671899948
11          0.3111679098          8.4671899948
12          0.3111679098          8.4671899948
13          0.3427717403          9.3271618244
14          0.3800739542         10.3421923684
15          0.4070382580         11.0759180378
16          0.4070382580         11.0759180378
17          0.4070382580         11.0759180378
18          0.4284475765         11.6584870029
19          0.4284475765         11.6584870029
20          0.4284475765         11.6584870029
21          0.4334070450         11.7934391018
22          0.4873207212         13.2604841437
23          0.6008413336         16.3494935283
24          0.7432112818         20.2235221897
25          0.7432112818         20.2235221897
26          0.7432112818         20.2235221897
27          0.8453707737         23.0033841229
28          0.8453707737         23.0033841229
29          0.8453707737         23.0033841229
30          0.8789143569         23.9161385664
31          0.8789143569         23.9161385664
32          0.8789143569         23.9161385664
33          0.8967505042         24.4014779697
34          0.9116099455         24.8058182263
35          0.9116099455         24.8058182263
36          0.9116099455         24.8058182263
37          0.9147647449         24.8916634733
38          0.9315745593         25.3490753336
39          0.9861547467         26.8342568122
40          0.9861547467         26.8342568122
41          0.9861547467         26.8342568122
42          1.0142892498         27.5998247752
43          1.0142892498         27.5998247752
44          1.0142892498         27.5998247752
45          1.0183208743         27.7095293104
46          1.0363872957         28.2011347046
47          1.0363872957         28.2011347046
48          1.0363872957         28.2011347046
49          1.0398010420         28.2940261545
50          1.0398010420         28.2940261545
51          1.0398010420         28.2940261545
52          1.0543861132         28.6909005273
53          1.0609414821         28.8692786707
54          1.0609414821         28.8692786707
55          1.0609414821         28.8692786707
56          1.0791284900         29.3641653410
57          1.0798335665         29.3833511768
58          1.0910548099         29.6886924329
59          1.0910548099         29.6886924329
60          1.0910548099         29.6886924329
61          1.1017288367         29.9791433743
62          1.1388720042         30.9898461062
63          1.1388720042         30.9898461062
64          1.1388720042         30.9898461062
65          1.1475558667         31.2261426891
66          1.1753092211         31.9813392152
67          1.1753092211         31.9813392152
68          1.1753092211         31.9813392152
69          1.1758327222         31.9955842029
70          1.1792733838         32.0892080464
71          1.1792733838         32.0892080464
72          1.1792733838         32.0892080464
73          1.1814597603         32.1487015362
74          1.1814597603         32.1487015362
75          1.1814597603         32.1487015362
76          1.1905863148         32.3970442108
77          1.1905863148         32.3970442108
78          1.1905863148         32.3970442108
79          1.1990338349         32.6269096825
80          1.2047405229         32.7821943681
81          1.2699369794         34.5562551452
82          1.2835315942         34.9261782094
83          1.3010908534         35.4039832107
84          1.3010908534         35.4039832107
85          1.3010908534         35.4039832107
86          1.3039411132         35.4815416313
87          1.3039411132         35.4815416313
88          1.3039411132         35.4815416313
89          1.3272879981         36.1168337167
90          1.3863510746         37.7239990909
91          1.4807532727         40.2927773043
92          1.4952406969         40.6869946041
93          1.4952406969         40.6869946041
94          1.4952406969         40.6869946041
95          1.5957624529         43.4222921055
96          1.5957624529         43.4222921055
97          1.5957624529         43.4222921055
98          1.6296345685         44.3439862434
99          1.6681323047         45.3915481419
100          1.6681323047         45.3915481419
101          1.6681323047         45.3915481419
102          1.6942859733         46.1032156199
103          1.6982326585         46.2106088698
104          1.7052295875         46.4010023058
105          1.7052295875         46.4010023058
106          1.7052295875         46.4010023058
107          1.7178946274         46.7456307049
108          1.7178946274         46.7456307049
109          1.7178946274         46.7456307049
110          1.7408572152         47.3704656834
111          1.7955533375         48.8588018657
112          1.8389879536         50.0407012066
113          1.8389879536         50.0407012066
114          1.8389879536         50.0407012066
115          1.8484993758         50.2995165143
116          1.9507087396         53.0807355128
117          1.9507087396         53.0807355128
118          1.9507087396         53.0807355128
119          1.9580240090         53.2797913082
120          1.9580240090         53.2797913082
121          1.9580240090         53.2797913082
122          1.9909510815         54.1757698794
123          1.9967810945         54.3344103626
124          2.3495377688         63.9332722255
125          2.3495377688         63.9332722255
126          2.3495377688         63.9332722255
127          2.4912180490         67.7885343310
128         20.1081729795        547.1634949464
129         20.1081729795        547.1634949464
130         20.1081729795        547.1634949464
131         20.1304669012        547.7701348498
132         20.1304669012        547.7701348498
133         20.1304669012        547.7701348498
134         20.1813433999        549.1545352538
135         20.1964961770        549.5668574711
136         20.6192195219        561.0695824114
137         20.6192195219        561.0695824114
138         20.6192195219        561.0695824114
139         20.6891875564        562.9734825971
140         20.6969385212        563.1843940993
141         20.6969385212        563.1843940993
142         20.6969385212        563.1843940993
143         20.7605069175        564.9141537329
144         20.9085871992        568.9435662784
145         20.9085871992        568.9435662784
146         20.9085871992        568.9435662784
147         20.9424014458        569.8636857426
148         21.1522912000        575.5749958436
149         21.1522912000        575.5749958436
150         21.1522912000        575.5749958436
151         21.2057111961        577.0286073580
152         21.2280501556        577.6364727843
153         21.2280501556        577.6364727843
154         21.2280501556        577.6364727843
155         21.2302607735        577.6966259084
156         21.4385839521        583.3653079218
157         21.4385839521        583.3653079218
158         21.4385839521        583.3653079218
159         21.5210414842        585.6090598276
160         42.7621525954       1163.6009342744
161         42.7621525954       1163.6009342744
162         42.7621525954       1163.6009342744
163         42.7980840912       1164.5786662060
164         42.8860510290       1166.9723345503
165         42.8860510290       1166.9723345503
166         42.8860510290       1166.9723345503
167         42.9401448873       1168.4442825278
168         43.1142285714       1173.1812736557
169         43.1142285714       1173.1812736557
170         43.1142285714       1173.1812736557
171         43.1360187270       1173.7742055813
172         43.5517652522       1185.0870842781
173         43.5517652522       1185.0870842781
174         43.5517652522       1185.0870842781
175         43.6850527055       1188.7139691694
176         59.3835794777       1615.8865811678
177         59.3835794777       1615.8865811678
178         59.3835794777       1615.8865811678
179         61.4891345044       1673.1808389998
