CIS Excitation Energies:
 #        Hartree                  eV         
--  --------------------  --------------------
 0          0.2521733734          6.8618896640
 1          0.2521733734          6.8618896640
 2          0.2521733734          6.8618896640
 3          0.2929742879          7.9721233473
 4          0.2951406202          8.0310714157
 5          0.2951406202          8.0310714157
 6          0.2951406202          8.0310714157
 7          0.3175855602          8.6418206778
 8          0.3175855602          8.6418206778
 9          0.3175855602          8.6418206778
10          0.3372543633          9.1770284804
11          0.3372543633          9.1770284804
12          0.3372543633          9.1770284804
13          0.3466019985          9.4313869817
14          0.3844210667         10.4604816447
15          0.4129756328         11.2374799430
16          0.4129756328         11.2374799430
17          0.4129756328         11.2374799430
18          0.4382472054         11.9251447065
19          0.4482402900         12.1970665300
20          0.4482402900         12.1970665300
21          0.4482402900         12.1970665300
22          0.4912333948         13.3669519050
23          0.6128418167         16.6760386748
24          0.7609972870         20.7074971761
25          0.7609972870         20.7074971761
26          0.7609972870         20.7074971761
27          0.8535911371         23.2270684304
28          0.8535911371         23.2270684304
29          0.8535911371         23.2270684304
30          0.8889605749         24.1895062030
31          0.8889605749         24.1895062030
32          0.8889605749         24.1895062030
33          0.8997293379         24.4825350145
34          0.9172227314         24.9585477444
35          0.9172227314         24.9585477444
36          0.9172227314         24.9585477444
37          0.9196035320         25.0233317080
38          0.9360622484         25.4711898419
39          0.9900913436         26.9413755497
40          0.9900913436         26.9413755497
41          0.9900913436         26.9413755497
42          1.0196639079         27.7460745986
43          1.0208291454         27.7777818755
44          1.0208291454         27.7777818755
45          1.0208291454         27.7777818755
46          1.0430134724         28.3814395988
47          1.0430134724         28.3814395988
48          1.0430134724         28.3814395988
49          1.0435205825         28.3952385717
50          1.0435205825         28.3952385717
51          1.0435205825         28.3952385717
52          1.0589333138         28.8146344020
53          1.0683904166         29.0719716263
54          1.0683904166         29.0719716263
55          1.0683904166         29.0719716263
56          1.0818224247         29.4374699991
57          1.0839995034         29.4967104871
58          1.0966958636         29.8421911455
59          1.0966958636         29.8421911455
60          1.0966958636         29.8421911455
61          1.1045376485         30.0555739526
62          1.1429095637         31.0997121382
63          1.1429095637         31.0997121382
64          1.1429095637         31.0997121382
65          1.1608423912         31.5876823081
66          1.1775553491         32.0424586042
67          1.1788725973         32.0783022447
68          1.1788725973         32.0783022447
69          1.1788725973         32.0783022447
70          1.1802547539         32.1159121075
71          1.1802547539         32.1159121075
72          1.1802547539         32.1159121075
73          1.1864214248         32.2837133897
74          1.1864214248         32.2837133897
75          1.1864214248         32.2837133897
76          1.1909275267         32.4063289287
77          1.1909275267         32.4063289287
78          1.1909275267         32.4063289287
79          1.1992870889         32.6338009765
80          1.2050152370         32.7896696142
81          1.2709419806         34.5836022352
82          1.2848927574         34.9632168220
83          1.3025867791         35.4446888472
84          1.3025867791         35.4446888472
85          1.3025867791         35.4446888472
86          1.3048104001         35.5051957978
87          1.3048104001         35.5051957978
88          1.3048104001         35.5051957978
89          1.3417929903         36.5115290592
90          1.3923912294         37.8883577436
91          1.5015207444         40.8578809749
92          1.5015207444         40.8578809749
93          1.5015207444         40.8578809749
94          1.5616570378         42.4942496566
95          1.5998835670         43.5344317423
96          1.5998835670         43.5344317423
97          1.5998835670         43.5344317423
98          1.6300924841         44.3564465842
99          1.6704631674         45.4549732468
100          1.6704631674         45.4549732468
101          1.6704631674         45.4549732468
102          1.6958618077         46.1460956502
103          1.7053891289         46.4053435871
104          1.7086903159         46.4951721852
105          1.7086903159         46.4951721852
106          1.7086903159         46.4951721852
107          1.7193962928         46.7864925240
108          1.7193962928         46.7864925240
109          1.7193962928         46.7864925240
110          1.7468949648         47.5347588865
111          1.7961825415         48.8759231365
112          1.8400659925         50.0700357220
113          1.8400659925         50.0700357220
114          1.8400659925         50.0700357220
115          1.8494445167         50.3252347434
116          1.9514915021         53.1020352633
117          1.9514915021         53.1020352633
118          1.9514915021         53.1020352633
119          1.9585941005         53.2953040681
120          1.9585941005         53.2953040681
121          1.9585941005         53.2953040681
122          1.9917036399         54.1962477462
123          2.0074584888         54.6249529382
124          2.3516024228         63.9894535262
125          2.3516024228         63.9894535262
126          2.3516024228         63.9894535262
127          2.5263164705         68.7435974778
128         20.1084697150        547.1715694156
129         20.1084697150        547.1715694156
130         20.1084697150        547.1715694157
131         20.1305581439        547.7726176525
132         20.1305581439        547.7726176525
133         20.1305581439        547.7726176525
134         20.1816860796        549.1638599127
135         20.1966475761        549.5709771932
136         20.6192732718        561.0710450002
137         20.6192732718        561.0710450002
138         20.6192732718        561.0710450002
139         20.6893822816        562.9787812645
140         20.6971416072        563.1899202742
141         20.6971416072        563.1899202742
142         20.6971416072        563.1899202742
143         20.7607281783        564.9201744587
144         20.9086141773        568.9443003799
145         20.9086141774        568.9443003799
146         20.9086141774        568.9443003799
147         20.9424972822        569.8662935459
148         21.1527546189        575.5876059353
149         21.1527546189        575.5876059353
150         21.1527546189        575.5876059353
151         21.2060372982        577.0374809219
152         21.2280545565        577.6365925365
153         21.2280545565        577.6365925365
154         21.2280545565        577.6365925365
155         21.2302688438        577.6968455089
156         21.4390500146        583.3779899485
157         21.4390500146        583.3779899485
158         21.4390500146        583.3779899485
159         21.5218168832        585.6301592092
160         42.7621675206       1163.6013404027
161         42.7621675206       1163.6013404027
162         42.7621675206       1163.6013404027
163         42.7981247678       1164.5797730579
164         42.8862296564       1166.9771951816
165         42.8862296564       1166.9771951816
166         42.8862296564       1166.9771951816
167         42.9403208398       1168.4490703731
168         43.1142392043       1173.1815629870
169         43.1142392043       1173.1815629870
170         43.1142392043       1173.1815629870
171         43.1360530999       1173.7751409015
172         43.5523870698       1185.1040045561
173         43.5523870698       1185.1040045561
174         43.5523870698       1185.1040045561
175         43.6857362455       1188.7325689762
176         59.3944139114       1616.1813969429
177         59.3944139114       1616.1813969429
178         59.3944139114       1616.1813969429
179         61.4997435704       1673.4695222945
