RPA Excitation Energies:
 #        Hartree                  eV         
--  --------------------  --------------------
 0          0.2524202468          6.8686073354
 1          0.2524202468          6.8686073354
 2          0.2524202468          6.8686073354
 3          0.2789946638          7.5917237977
 4          0.2789946638          7.5917237977
 5          0.2789946638          7.5917237977
 6          0.2979651566          8.1079298774
 7          0.3154671422          8.5841764060
 8          0.3154671422          8.5841764060
 9          0.3154671422          8.5841764060
10          0.3177840684          8.6472222854
11          0.3177840684          8.6472222854
12          0.3177840684          8.6472222854
13          0.3491123282          9.4996955632
14          0.3958959851         10.7727256502
15          0.4172439423         11.3536249129
16          0.4172439423         11.3536249129
17          0.4172439423         11.3536249129
18          0.4355417100         11.8515254712
19          0.4355417100         11.8515254712
20          0.4355417100         11.8515254712
21          0.4444559906         12.0940919590
22          0.4857007528         13.2164031849
23          0.5933921846         16.1467947358
24          0.7388359728         20.1044656562
25          0.7388359728         20.1044656562
26          0.7388359728         20.1044656562
27          0.8175786159         22.2471317161
28          0.8175786159         22.2471317161
29          0.8175786159         22.2471317161
30          0.8560396031         23.2936936406
31          0.8560396031         23.2936936406
32          0.8560396031         23.2936936406
33          0.8600842098         23.4037514320
34          0.9029756199         24.5708695943
35          0.9095587668         24.7500036021
36          0.9095587668         24.7500036021
37          0.9095587668         24.7500036021
38          0.9374834224         25.5098614066
39          0.9460299376         25.7424206333
40          0.9460299376         25.7424206333
41          0.9460299376         25.7424206333
42          0.9721425699         26.4529714691
43          1.0085650985         27.4440648959
44          1.0085650985         27.4440648959
45          1.0085650985         27.4440648959
46          1.0090826643         27.4581483791
47          1.0090826643         27.4581483791
48          1.0090826643         27.4581483791
49          1.0181885529         27.7059287128
50          1.0181885529         27.7059287128
51          1.0181885529         27.7059287128
52          1.0233114357         27.8453274782
53          1.0233114357         27.8453274782
54          1.0233114357         27.8453274782
55          1.0444932857         28.4217067983
56          1.0485776807         28.5328472705
57          1.0579163537         28.7869619009
58          1.0584881485         28.8025210095
59          1.0688720332         29.0850768945
60          1.0688720332         29.0850768945
61          1.0688720332         29.0850768945
62          1.0772125337         29.3120302538
63          1.0772125337         29.3120302538
64          1.0772125337         29.3120302538
65          1.0782669588         29.3407222153
66          1.0782669588         29.3407222153
67          1.0782669588         29.3407222153
68          1.1117364727         30.2514611593
69          1.1138916483         30.3101056429
70          1.1138916483         30.3101056429
71          1.1138916483         30.3101056429
72          1.1176770756         30.4131109038
73          1.1176770756         30.4131109038
74          1.1176770756         30.4131109038
75          1.1258723428         30.6361123197
76          1.1279841021         30.6935754019
77          1.1286442665         30.7115391369
78          1.1286442665         30.7115391369
79          1.1286442665         30.7115391369
80          1.1677014504         31.7743241655
81          1.1722668555         31.8985534058
82          1.1722668555         31.8985534058
83          1.1722668555         31.8985534058
84          1.1790544244         32.0832499432
85          1.2096720439         32.9163859870
86          1.2096720439         32.9163859870
87          1.2096720439         32.9163859870
88          1.2181063157         33.1458909563
89          1.2267592107         33.3813448818
90          1.2267592107         33.3813448818
91          1.2267592107         33.3813448818
92          1.2395187286         33.7285441247
93          1.2521301677         34.0717139924
94          1.2521301677         34.0717139924
95          1.2521301677         34.0717139924
96          1.2662290749         34.4553593571
97          1.2899972027         35.1021138833
98          1.3134890648         35.7413509415
99          1.3443317560         36.5806114137
100          1.3443317560         36.5806114137
101          1.3443317560         36.5806114137
102          1.4014456539         38.1347376886
103          1.4147514027         38.4968004185
104          1.4587621404         39.6943766035
105          1.4587621404         39.6943766035
106          1.4587621404         39.6943766035
107          1.5148142349         41.2196101457
108          1.5148142349         41.2196101457
109          1.5148142349         41.2196101457
110          1.5175955501         41.2952925136
111          1.5175955501         41.2952925136
112          1.5175955501         41.2952925136
113          1.5413988426         41.9430039060
114          1.5413988426         41.9430039060
115          1.5413988426         41.9430039060
116          1.5575918771         42.3836325686
117          1.5599698198         42.4483387673
118          1.5684582747         42.6793181122
119          1.5694892548         42.7073721110
120          1.5694892548         42.7073721110
121          1.5694892548         42.7073721110
122          1.6151658223         43.9502771905
123          1.6151658223         43.9502771905
124          1.6151658223         43.9502771905
125          1.6161622876         43.9773920077
126          1.6161622876         43.9773920077
127          1.6161622876         43.9773920077
128          1.6286517716         44.3172433579
129          1.6286517716         44.3172433579
130          1.6286517716         44.3172433579
131          1.6311975003         44.3865151805
132          1.6311975003         44.3865151805
133          1.6311975003         44.3865151805
134          1.6376664405         44.5625415124
135          1.6523246855         44.9614070166
136          1.6693475438         45.4246160157
137          1.6974691660         46.1898334769
138          1.7042140714         46.3733690975
139          1.7042140714         46.3733690975
140          1.7042140714         46.3733690975
141          1.7142977277         46.6477554680
142          1.7501834429         47.6242416659
143          1.7501834429         47.6242416659
144          1.7501834429         47.6242416659
145          1.7623541344         47.9554183519
146          1.7637727806         47.9940211330
147          1.7637727806         47.9940211330
148          1.7637727806         47.9940211330
149          1.7888345815         48.6759777962
150          1.7918178165         48.7571546041
151          1.8171888722         49.4475264007
152          1.8265974418         49.7035429897
153          1.8265974418         49.7035429897
154          1.8265974418         49.7035429897
155          1.8763858279         51.0583347641
156          1.8763858279         51.0583347641
157          1.8763858279         51.0583347641
158          1.8978315491         51.6418942813
159          1.9100417654         51.9741464790
160          1.9100417654         51.9741464790
161          1.9100417654         51.9741464790
162          1.9147839567         52.1031862469
163          1.9229233179         52.3246664043
164          1.9316060163         52.5609313108
165          1.9316060163         52.5609313108
166          1.9316060163         52.5609313108
167          1.9495069580         53.0480338329
168          1.9495069580         53.0480338329
169          1.9495069580         53.0480338329
170          1.9816308561         53.9221572254
171          2.0209811086         54.9929169455
172          2.0209811086         54.9929169455
173          2.0209811086         54.9929169455
174          2.0343690961         55.3572174741
175          2.0768197705         56.5123427743
176          2.1168668612         57.6020641601
177          2.1168668612         57.6020641601
178          2.1168668612         57.6020641601
179          2.1885715234         59.5532197226
180          2.1885715234         59.5532197226
181          2.1885715234         59.5532197226
182          2.2140041174         60.2452660389
183          2.2140041174         60.2452660389
184          2.2140041174         60.2452660389
185          2.2140519541         60.2465677239
186          2.2140519541         60.2465677239
187          2.2140519541         60.2465677239
188          2.2279713210         60.6253276154
189          2.2391448332         60.9293700553
190          2.2391448332         60.9293700553
191          2.2391448332         60.9293700553
192          2.2409649975         60.9788985467
193          2.2587326251         61.4623734615
194          2.2872236090         62.2376416244
195          2.2913484380         62.3498823463
196          2.2913484380         62.3498823463
197          2.2913484380         62.3498823463
198          2.3216179089         63.1735449190
199          2.3216179089         63.1735449190
200          2.3216179089         63.1735449190
201          2.3285215714         63.3614004789
202          2.3423603290         63.7379669120
203          2.3423603290         63.7379669120
204          2.3423603290         63.7379669120
205          2.3466336891         63.8542493153
206          2.3501019808         63.9486249988
207          2.3756542314         64.6439272914
208          2.3756542314         64.6439272914
209          2.3756542314         64.6439272914
210          2.4149110853         65.7121455428
211          2.4308266124         66.1452229487
212          2.4308266124         66.1452229487
213          2.4308266124         66.1452229487
214          2.4472217136         66.5913500500
215          2.4592161862         66.9177316418
216          2.4592161862         66.9177316418
217          2.4592161862         66.9177316418
218          2.5218505325         68.6220748385
219          2.5218505325         68.6220748385
220          2.5218505325         68.6220748385
221          2.5506768645         69.4064681606
222          2.5632281690         69.7480017056
223          2.5632281690         69.7480017056
224          2.5632281690         69.7480017056
225          2.5908891238         70.5006839470
226          2.6028948703         70.8273723155
227          2.6092597085         71.0005659291
228          2.6514557669         72.1487628740
229          2.6514557669         72.1487628740
230          2.6514557669         72.1487628740
231          2.6526599848         72.1815308477
232          2.6526599848         72.1815308477
233          2.6526599848         72.1815308477
234          2.6582365342         72.3332743322
235          2.6582365342         72.3332743322
236          2.6582365342         72.3332743322
237          2.6676917341         72.5905597760
238          2.6783913012         72.8817056964
239          2.7044401807         73.5905217566
240          2.7044401807         73.5905217566
241          2.7044401807         73.5905217566
242          2.7163688390         73.9151124777
243          2.7333735989         74.3778290002
244          2.7333735989         74.3778290002
245          2.7333735989         74.3778290002
246          2.7643529113         75.2208070695
247          2.8593393996         77.8054844019
248          2.8593393996         77.8054844019
249          2.8593393996         77.8054844019
250          2.8628330821         77.9005509972
251          2.8878582573         78.5815110399
252          2.8878582573         78.5815110399
253          2.8878582573         78.5815110399
254          2.9206409115         79.4735598438
255          2.9545130093         80.3952534950
256          2.9545130093         80.3952534950
257          2.9545130093         80.3952534950
258          2.9584517538         80.5024306740
259          2.9584517538         80.5024306740
260          2.9584517538         80.5024306740
261          2.9717874147         80.8653073407
262          3.0278919141         82.3919668746
263          3.0431365421         82.8067884470
264          3.0445930497         82.8464214745
265          3.0445930497         82.8464214745
266          3.0445930497         82.8464214745
267          3.0873483797         84.0098367594
268          3.1269637141         85.0878096245
269          3.1269637141         85.0878096245
270          3.1269637141         85.0878096245
271          3.1906181253         86.8199098082
272          3.2119244687         87.3996767191
273          3.2119244687         87.3996767191
274          3.2119244687         87.3996767191
275          3.2182518260         87.5718504377
276          3.2182518260         87.5718504377
277          3.2182518260         87.5718504377
278          3.2360488416         88.0561250295
279          3.2548778703         88.5684817293
280          3.2548778703         88.5684817293
281          3.2548778703         88.5684817293
282          3.2673859793         88.9088398819
283          3.2673859793         88.9088398819
284          3.2673859793         88.9088398819
285          3.2943054919         89.6413467411
286          3.3308620350         90.6360868351
287          3.3509247309         91.1820128526
288          3.3690220260         91.6744583495
289          3.3690220260         91.6744583495
290          3.3690220260         91.6744583495
291          3.4473409443         93.8055944345
292          3.4473409443         93.8055944345
293          3.4473409443         93.8055944345
294          3.4617597933         94.1979457367
295          3.5233426696         95.8736773814
296          3.7286344717        101.4598726089
297          3.7286344717        101.4598726089
298          3.7286344717        101.4598726089
299          3.7908636297        103.1531902282
300          3.9647664393        107.8852595792
301          3.9647664393        107.8852595792
302          3.9647664393        107.8852595792
303          3.9987364043        108.8096162964
304          3.9987364043        108.8096162964
305          3.9987364043        108.8096162964
306          4.0394064172        109.9162880183
307          4.0664304733        110.6516396103
308          4.0854069259        111.1680078593
309          4.0854069259        111.1680078593
310          4.0854069259        111.1680078593
311          4.1697446510        113.4629216975
312          4.2369405581        115.2913895257
313          4.2369405581        115.2913895257
314          4.2369405581        115.2913895257
315          4.2787072347        116.4279025639
316          4.7930213471        130.4229038772
317          4.7930213471        130.4229038772
318          4.7930213471        130.4229038772
319          4.9116249052        133.6502252947
320         20.1255866300        547.6373377891
321         20.1255866300        547.6373377891
322         20.1255866300        547.6373377891
323         20.1452865691        548.1733928331
324         20.1452865691        548.1733928331
325         20.1452865691        548.1733928331
326         20.1992379048        549.6414626277
327         20.2110785961        549.9636596786
328         20.6145455376        560.9423986245
329         20.6145455376        560.9423986245
330         20.6145455376        560.9423986245
331         20.6758791969        562.6113488259
332         20.6758791969        562.6113488259
333         20.6758791969        562.6113488259
334         20.6850341383        562.8604639370
335         20.7374556000        564.2869043322
336         20.8877828887        568.3774601831
337         20.8877828887        568.3774601831
338         20.8877828887        568.3774601831
339         20.9167537301        569.1657857487
340         21.0745234675        573.4588580731
341         21.0745234675        573.4588580731
342         21.0745234675        573.4588580731
343         21.1155916516        574.5763644326
344         21.1414995441        575.2813440956
345         21.1414995441        575.2813440956
346         21.1414995441        575.2813440956
347         21.1452066276        575.3822175433
348         21.1944833788        576.7230872192
349         21.1944833788        576.7230872192
350         21.1944833788        576.7230872192
351         21.2132424551        577.2335404465
352         21.5016078980        585.0802525132
353         21.5016078980        585.0802525132
354         21.5016078980        585.0802525132
355         21.5018738622        585.0874896632
356         21.5474330860        586.3272017020
357         21.5474330860        586.3272017020
358         21.5474330860        586.3272017020
359         21.5490603944        586.3714823922
360         21.6536064976        589.2162864054
361         21.6536064976        589.2162864054
362         21.6536064976        589.2162864054
363         21.6539678176        589.2261182848
364         21.9657646993        597.7104232334
365         21.9657646993        597.7104232334
366         21.9657646993        597.7104232334
367         21.9657769931        597.7107577599
368         22.1163310587        601.8074844394
369         22.1163310587        601.8074844394
370         22.1163310587        601.8074844394
371         22.1267302077        602.0904556816
372         22.2054528162        604.2325765807
373         22.2054528162        604.2325765807
374         22.2054528162        604.2325765807
375         22.2169412678        604.5451888390
376         22.4375114705        610.5471246230
377         22.4375114705        610.5471246230
378         22.4375114705        610.5471246230
379         22.4382502152        610.5672266053
380         22.4572869668        611.0852356545
381         22.4572869668        611.0852356545
382         22.4572869668        611.0852356545
383         22.4581436129        611.1085458510
384         22.6627421751        616.6758773268
385         22.6627421751        616.6758773268
386         22.6627421751        616.6758773268
387         22.6639813902        616.7095976082
388         22.9141611571        623.5172392466
389         22.9141611571        623.5172392466
390         22.9141611571        623.5172392466
391         22.9313299134        623.9844182730
392         23.1215897714        629.1615792700
393         23.1215897714        629.1615792700
394         23.1215897714        629.1615792700
395         23.1368967360        629.5780970821
396         23.6095577089        642.4396748156
397         23.6095577089        642.4396748156
398         23.6095577089        642.4396748156
399         23.8432891593        648.7997413125
400         44.7771426159       1218.4308277216
401         44.7771426159       1218.4308277216
402         44.7771426159       1218.4308277216
403         44.8089454816       1219.2962155003
404         44.9078495791       1221.9874948960
405         44.9078495791       1221.9874948960
406         44.9078495791       1221.9874948960
407         44.9537204970       1223.2356884434
408         45.1158712438       1227.6479724155
409         45.1158712438       1227.6479724155
410         45.1158712438       1227.6479724155
411         45.1351492485       1228.1725461998
412         45.5549141549       1239.5947690680
413         45.5549141549       1239.5947690680
414         45.5549141549       1239.5947690680
415         45.6745123915       1242.8491566847
416         61.5010549224       1673.5052054925
417         61.5010549224       1673.5052054925
418         61.5010549224       1673.5052054925
419         63.4733960911       1727.1745810345
