RPA Excitation Energies:
 #        Hartree                  eV         
--  --------------------  --------------------
 0        -63.4733960911      -1727.1745810345
 1        -61.5010549224      -1673.5052054925
 2        -61.5010549224      -1673.5052054925
 3        -61.5010549224      -1673.5052054925
 4        -45.6745123915      -1242.8491566847
 5        -45.5549141549      -1239.5947690680
 6        -45.5549141549      -1239.5947690680
 7        -45.5549141549      -1239.5947690680
 8        -45.1351492485      -1228.1725461998
 9        -45.1158712438      -1227.6479724155
10        -45.1158712438      -1227.6479724155
11        -45.1158712438      -1227.6479724155
12        -44.9537204970      -1223.2356884434
13        -44.9078495791      -1221.9874948960
14        -44.9078495791      -1221.9874948960
15        -44.9078495791      -1221.9874948960
16        -44.8089454816      -1219.2962155003
17        -44.7771426159      -1218.4308277216
18        -44.7771426159      -1218.4308277216
19        -44.7771426159      -1218.4308277216
20        -23.8432891593       -648.7997413125
21        -23.6095577089       -642.4396748156
22        -23.6095577089       -642.4396748156
23        -23.6095577089       -642.4396748156
24        -23.1368967360       -629.5780970821
25        -23.1215897714       -629.1615792700
26        -23.1215897714       -629.1615792700
27        -23.1215897714       -629.1615792700
28        -22.9313299134       -623.9844182730
29        -22.9141611571       -623.5172392466
30        -22.9141611571       -623.5172392466
31        -22.9141611571       -623.5172392466
32        -22.6639813902       -616.7095976082
33        -22.6627421751       -616.6758773268
34        -22.6627421751       -616.6758773268
35        -22.6627421751       -616.6758773268
36        -22.4581436129       -611.1085458510
37        -22.4572869668       -611.0852356545
38        -22.4572869668       -611.0852356545
39        -22.4572869668       -611.0852356545
40        -22.4382502152       -610.5672266053
41        -22.4375114705       -610.5471246230
42        -22.4375114705       -610.5471246230
43        -22.4375114705       -610.5471246230
44        -22.2169412678       -604.5451888390
45        -22.2054528162       -604.2325765807
46        -22.2054528162       -604.2325765807
47        -22.2054528162       -604.2325765807
48        -22.1267302077       -602.0904556816
49        -22.1163310587       -601.8074844394
50        -22.1163310587       -601.8074844394
51        -22.1163310587       -601.8074844394
52        -21.9657769931       -597.7107577599
53        -21.9657646993       -597.7104232334
54        -21.9657646993       -597.7104232334
55        -21.9657646993       -597.7104232334
56        -21.6539678176       -589.2261182848
57        -21.6536064976       -589.2162864054
58        -21.6536064976       -589.2162864054
59        -21.6536064976       -589.2162864054
60        -21.5490603944       -586.3714823922
61        -21.5474330860       -586.3272017020
62        -21.5474330860       -586.3272017020
63        -21.5474330860       -586.3272017020
64        -21.5018738622       -585.0874896632
65        -21.5016078980       -585.0802525132
66        -21.5016078980       -585.0802525132
67        -21.5016078980       -585.0802525132
68        -21.2132424551       -577.2335404465
69        -21.1944833788       -576.7230872192
70        -21.1944833788       -576.7230872192
71        -21.1944833788       -576.7230872192
72        -21.1452066276       -575.3822175433
73        -21.1414995441       -575.2813440956
74        -21.1414995441       -575.2813440956
75        -21.1414995441       -575.2813440956
76        -21.1155916516       -574.5763644326
77        -21.0745234675       -573.4588580731
78        -21.0745234675       -573.4588580731
79        -21.0745234675       -573.4588580731
80        -20.9167537301       -569.1657857487
81        -20.8877828887       -568.3774601831
82        -20.8877828887       -568.3774601831
83        -20.8877828887       -568.3774601831
84        -20.7374556000       -564.2869043322
85        -20.6850341383       -562.8604639370
86        -20.6758791969       -562.6113488259
87        -20.6758791969       -562.6113488259
88        -20.6758791969       -562.6113488259
89        -20.6145455376       -560.9423986245
90        -20.6145455376       -560.9423986245
91        -20.6145455376       -560.9423986245
92        -20.2110785961       -549.9636596787
93        -20.1992379048       -549.6414626277
94        -20.1452865691       -548.1733928331
95        -20.1452865691       -548.1733928331
96        -20.1452865691       -548.1733928331
97        -20.1255866300       -547.6373377891
98        -20.1255866300       -547.6373377891
99        -20.1255866300       -547.6373377891
100         -4.9116249052       -133.6502252947
101         -4.7930213471       -130.4229038772
102         -4.7930213471       -130.4229038772
103         -4.7930213471       -130.4229038772
104         -4.2787072347       -116.4279025639
105         -4.2369405581       -115.2913895257
106         -4.2369405581       -115.2913895257
107         -4.2369405581       -115.2913895257
108         -4.1697446510       -113.4629216975
109         -4.0854069259       -111.1680078593
110         -4.0854069259       -111.1680078593
111         -4.0854069259       -111.1680078593
112         -4.0664304733       -110.6516396103
113         -4.0394064172       -109.9162880183
114         -3.9987364043       -108.8096162964
115         -3.9987364043       -108.8096162964
116         -3.9987364043       -108.8096162964
117         -3.9647664393       -107.8852595792
118         -3.9647664393       -107.8852595792
119         -3.9647664393       -107.8852595792
120         -3.7908636297       -103.1531902282
121         -3.7286344717       -101.4598726089
122         -3.7286344717       -101.4598726089
123         -3.7286344717       -101.4598726089
124         -3.5233426696        -95.8736773814
125         -3.4617597933        -94.1979457367
126         -3.4473409443        -93.8055944346
127         -3.4473409443        -93.8055944345
128         -3.4473409443        -93.8055944345
129         -3.3690220260        -91.6744583495
130         -3.3690220260        -91.6744583495
131         -3.3690220260        -91.6744583495
132         -3.3509247309        -91.1820128526
133         -3.3308620350        -90.6360868351
134         -3.2943054919        -89.6413467411
135         -3.2673859793        -88.9088398819
136         -3.2673859793        -88.9088398819
137         -3.2673859793        -88.9088398819
138         -3.2548778703        -88.5684817293
139         -3.2548778703        -88.5684817293
140         -3.2548778703        -88.5684817293
141         -3.2360488416        -88.0561250295
142         -3.2182518260        -87.5718504377
143         -3.2182518260        -87.5718504377
144         -3.2182518260        -87.5718504377
145         -3.2119244687        -87.3996767191
146         -3.2119244687        -87.3996767191
147         -3.2119244687        -87.3996767191
148         -3.1906181253        -86.8199098082
149         -3.1269637141        -85.0878096245
150         -3.1269637141        -85.0878096245
151         -3.1269637141        -85.0878096245
152         -3.0873483797        -84.0098367594
153         -3.0445930497        -82.8464214745
154         -3.0445930497        -82.8464214745
155         -3.0445930497        -82.8464214745
156         -3.0431365421        -82.8067884470
157         -3.0278919141        -82.3919668746
158         -2.9717874147        -80.8653073407
159         -2.9584517538        -80.5024306740
160         -2.9584517538        -80.5024306740
161         -2.9584517538        -80.5024306740
162         -2.9545130093        -80.3952534950
163         -2.9545130093        -80.3952534950
164         -2.9545130093        -80.3952534950
165         -2.9206409115        -79.4735598438
166         -2.8878582573        -78.5815110399
167         -2.8878582573        -78.5815110399
168         -2.8878582573        -78.5815110399
169         -2.8628330821        -77.9005509972
170         -2.8593393996        -77.8054844019
171         -2.8593393996        -77.8054844019
172         -2.8593393996        -77.8054844019
173         -2.7643529113        -75.2208070695
174         -2.7333735989        -74.3778290002
175         -2.7333735989        -74.3778290002
176         -2.7333735989        -74.3778290002
177         -2.7163688390        -73.9151124777
178         -2.7044401807        -73.5905217566
179         -2.7044401807        -73.5905217566
180         -2.7044401807        -73.5905217566
181         -2.6783913012        -72.8817056964
182         -2.6676917341        -72.5905597760
183         -2.6582365342        -72.3332743322
184         -2.6582365342        -72.3332743322
185         -2.6582365342        -72.3332743322
186         -2.6526599848        -72.1815308477
187         -2.6526599848        -72.1815308477
188         -2.6526599848        -72.1815308477
189         -2.6514557669        -72.1487628740
190         -2.6514557669        -72.1487628740
191         -2.6514557669        -72.1487628740
192         -2.6092597085        -71.0005659291
193         -2.6028948703        -70.8273723155
194         -2.5908891238        -70.5006839470
195         -2.5632281690        -69.7480017056
196         -2.5632281690        -69.7480017056
197         -2.5632281690        -69.7480017056
198         -2.5506768645        -69.4064681606
199         -2.5218505325        -68.6220748385
200         -2.5218505325        -68.6220748385
201         -2.5218505325        -68.6220748385
202         -2.4592161862        -66.9177316418
203         -2.4592161862        -66.9177316418
204         -2.4592161862        -66.9177316418
205         -2.4472217136        -66.5913500500
206         -2.4308266124        -66.1452229487
207         -2.4308266124        -66.1452229487
208         -2.4308266124        -66.1452229487
209         -2.4149110853        -65.7121455428
210         -2.3756542314        -64.6439272914
211         -2.3756542314        -64.6439272914
212         -2.3756542314        -64.6439272914
213         -2.3501019808        -63.9486249988
214         -2.3466336891        -63.8542493153
215         -2.3423603290        -63.7379669120
216         -2.3423603290        -63.7379669120
217         -2.3423603290        -63.7379669120
218         -2.3285215714        -63.3614004789
219         -2.3216179089        -63.1735449190
220         -2.3216179089        -63.1735449190
221         -2.3216179089        -63.1735449190
222         -2.2913484380        -62.3498823463
223         -2.2913484380        -62.3498823463
224         -2.2913484380        -62.3498823463
225         -2.2872236090        -62.2376416244
226         -2.2587326251        -61.4623734615
227         -2.2409649975        -60.9788985467
228         -2.2391448332        -60.9293700553
229         -2.2391448332        -60.9293700553
230         -2.2391448332        -60.9293700553
231         -2.2279713210        -60.6253276154
232         -2.2140519541        -60.2465677239
233         -2.2140519541        -60.2465677239
234         -2.2140519541        -60.2465677239
235         -2.2140041174        -60.2452660389
236         -2.2140041174        -60.2452660389
237         -2.2140041174        -60.2452660389
238         -2.1885715234        -59.5532197226
239         -2.1885715234        -59.5532197226
240         -2.1885715234        -59.5532197226
241         -2.1168668612        -57.6020641601
242         -2.1168668612        -57.6020641601
243         -2.1168668612        -57.6020641601
244         -2.0768197705        -56.5123427743
245         -2.0343690961        -55.3572174741
246         -2.0209811086        -54.9929169455
247         -2.0209811086        -54.9929169455
248         -2.0209811086        -54.9929169455
249         -1.9816308561        -53.9221572254
250         -1.9495069580        -53.0480338329
251         -1.9495069580        -53.0480338329
252         -1.9495069580        -53.0480338329
253         -1.9316060163        -52.5609313108
254         -1.9316060163        -52.5609313108
255         -1.9316060163        -52.5609313108
256         -1.9229233179        -52.3246664043
257         -1.9147839567        -52.1031862469
258         -1.9100417654        -51.9741464790
259         -1.9100417654        -51.9741464790
260         -1.9100417654        -51.9741464790
261         -1.8978315491        -51.6418942813
262         -1.8763858279        -51.0583347641
263         -1.8763858279        -51.0583347641
264         -1.8763858279        -51.0583347641
265         -1.8265974418        -49.7035429897
266         -1.8265974418        -49.7035429897
267         -1.8265974418        -49.7035429897
268         -1.8171888722        -49.4475264007
269         -1.7918178165        -48.7571546041
270         -1.7888345815        -48.6759777962
271         -1.7637727806        -47.9940211330
272         -1.7637727806        -47.9940211330
273         -1.7637727806        -47.9940211330
274         -1.7623541344        -47.9554183519
275         -1.7501834429        -47.6242416659
276         -1.7501834429        -47.6242416659
277         -1.7501834429        -47.6242416659
278         -1.7142977277        -46.6477554680
279         -1.7042140714        -46.3733690975
280         -1.7042140714        -46.3733690975
281         -1.7042140714        -46.3733690975
282         -1.6974691660        -46.1898334769
283         -1.6693475438        -45.4246160157
284         -1.6523246855        -44.9614070166
285         -1.6376664405        -44.5625415124
286         -1.6311975003        -44.3865151805
287         -1.6311975003        -44.3865151805
288         -1.6311975003        -44.3865151805
289         -1.6286517716        -44.3172433579
290         -1.6286517716        -44.3172433579
291         -1.6286517716        -44.3172433579
292         -1.6161622876        -43.9773920077
293         -1.6161622876        -43.9773920077
294         -1.6161622876        -43.9773920077
295         -1.6151658223        -43.9502771905
296         -1.6151658223        -43.9502771905
297         -1.6151658223        -43.9502771905
298         -1.5694892548        -42.7073721110
299         -1.5694892548        -42.7073721110
300         -1.5694892548        -42.7073721110
301         -1.5684582747        -42.6793181122
302         -1.5599698198        -42.4483387673
303         -1.5575918771        -42.3836325686
304         -1.5413988426        -41.9430039060
305         -1.5413988426        -41.9430039060
306         -1.5413988426        -41.9430039060
307         -1.5175955501        -41.2952925136
308         -1.5175955501        -41.2952925136
309         -1.5175955501        -41.2952925136
310         -1.5148142349        -41.2196101457
311         -1.5148142349        -41.2196101457
312         -1.5148142349        -41.2196101457
313         -1.4587621404        -39.6943766035
314         -1.4587621404        -39.6943766035
315         -1.4587621404        -39.6943766035
316         -1.4147514027        -38.4968004185
317         -1.4014456539        -38.1347376886
318         -1.3443317560        -36.5806114137
319         -1.3443317560        -36.5806114137
320         -1.3443317560        -36.5806114137
321         -1.3134890648        -35.7413509415
322         -1.2899972027        -35.1021138833
323         -1.2662290749        -34.4553593571
324         -1.2521301677        -34.0717139924
325         -1.2521301677        -34.0717139924
326         -1.2521301677        -34.0717139924
327         -1.2395187286        -33.7285441247
328         -1.2267592107        -33.3813448818
329         -1.2267592107        -33.3813448818
330         -1.2267592107        -33.3813448818
331         -1.2181063157        -33.1458909563
332         -1.2096720439        -32.9163859870
333         -1.2096720439        -32.9163859870
334         -1.2096720439        -32.9163859870
335         -1.1790544244        -32.0832499432
336         -1.1722668555        -31.8985534058
337         -1.1722668555        -31.8985534058
338         -1.1722668555        -31.8985534058
339         -1.1677014504        -31.7743241655
340         -1.1286442665        -30.7115391369
341         -1.1286442665        -30.7115391369
342         -1.1286442665        -30.7115391369
343         -1.1279841021        -30.6935754019
344         -1.1258723428        -30.6361123197
345         -1.1176770756        -30.4131109038
346         -1.1176770756        -30.4131109038
347         -1.1176770756        -30.4131109038
348         -1.1138916483        -30.3101056429
349         -1.1138916483        -30.3101056429
350         -1.1138916483        -30.3101056429
351         -1.1117364727        -30.2514611593
352         -1.0782669588        -29.3407222153
353         -1.0782669588        -29.3407222153
354         -1.0782669588        -29.3407222153
355         -1.0772125337        -29.3120302538
356         -1.0772125337        -29.3120302538
357         -1.0772125337        -29.3120302538
358         -1.0688720332        -29.0850768945
359         -1.0688720332        -29.0850768945
360         -1.0688720332        -29.0850768945
361         -1.0584881485        -28.8025210095
362         -1.0579163537        -28.7869619009
363         -1.0485776807        -28.5328472705
364         -1.0444932857        -28.4217067983
365         -1.0233114357        -27.8453274782
366         -1.0233114357        -27.8453274782
367         -1.0233114357        -27.8453274782
368         -1.0181885529        -27.7059287128
369         -1.0181885529        -27.7059287128
370         -1.0181885529        -27.7059287128
371         -1.0090826643        -27.4581483791
372         -1.0090826643        -27.4581483791
373         -1.0090826643        -27.4581483791
374         -1.0085650985        -27.4440648959
375         -1.0085650985        -27.4440648959
376         -1.0085650985        -27.4440648959
377         -0.9721425699        -26.4529714691
378         -0.9460299376        -25.7424206333
379         -0.9460299376        -25.7424206333
380         -0.9460299376        -25.7424206333
381         -0.9374834224        -25.5098614066
382         -0.9095587668        -24.7500036021
383         -0.9095587668        -24.7500036021
384         -0.9095587668        -24.7500036021
385         -0.9029756199        -24.5708695943
386         -0.8600842098        -23.4037514320
387         -0.8560396031        -23.2936936406
388         -0.8560396031        -23.2936936406
389         -0.8560396031        -23.2936936406
390         -0.8175786159        -22.2471317161
391         -0.8175786159        -22.2471317161
392         -0.8175786159        -22.2471317161
393         -0.7388359728        -20.1044656562
394         -0.7388359728        -20.1044656562
395         -0.7388359728        -20.1044656562
396         -0.5933921846        -16.1467947358
397         -0.4857007528        -13.2164031849
398         -0.4444559906        -12.0940919590
399         -0.4355417100        -11.8515254712
400         -0.4355417100        -11.8515254712
401         -0.4355417100        -11.8515254712
402         -0.4172439423        -11.3536249129
403         -0.4172439423        -11.3536249129
404         -0.4172439423        -11.3536249129
405         -0.3958959851        -10.7727256502
406         -0.3491123282         -9.4996955632
407         -0.3177840684         -8.6472222854
408         -0.3177840684         -8.6472222854
409         -0.3177840684         -8.6472222854
410         -0.3154671422         -8.5841764060
411         -0.3154671422         -8.5841764060
412         -0.3154671422         -8.5841764060
413         -0.2979651566         -8.1079298774
414         -0.2789946638         -7.5917237977
415         -0.2789946638         -7.5917237977
416         -0.2789946638         -7.5917237977
417         -0.2524202468         -6.8686073354
418         -0.2524202468         -6.8686073354
419         -0.2524202468         -6.8686073354
420          0.2524202468          6.8686073354
421          0.2524202468          6.8686073354
422          0.2524202468          6.8686073354
423          0.2789946638          7.5917237977
424          0.2789946638          7.5917237977
425          0.2789946638          7.5917237977
426          0.2979651566          8.1079298774
427          0.3154671422          8.5841764060
428          0.3154671422          8.5841764060
429          0.3154671422          8.5841764060
430          0.3177840684          8.6472222854
431          0.3177840684          8.6472222854
432          0.3177840684          8.6472222854
433          0.3491123282          9.4996955632
434          0.3958959851         10.7727256502
435          0.4172439423         11.3536249129
436          0.4172439423         11.3536249129
437          0.4172439423         11.3536249129
438          0.4355417100         11.8515254712
439          0.4355417100         11.8515254712
440          0.4355417100         11.8515254712
441          0.4444559906         12.0940919590
442          0.4857007528         13.2164031849
443          0.5933921846         16.1467947358
444          0.7388359728         20.1044656562
445          0.7388359728         20.1044656562
446          0.7388359728         20.1044656562
447          0.8175786159         22.2471317161
448          0.8175786159         22.2471317161
449          0.8175786159         22.2471317161
450          0.8560396031         23.2936936406
451          0.8560396031         23.2936936406
452          0.8560396031         23.2936936406
453          0.8600842098         23.4037514320
454          0.9029756199         24.5708695943
455          0.9095587668         24.7500036021
456          0.9095587668         24.7500036021
457          0.9095587668         24.7500036021
458          0.9374834224         25.5098614066
459          0.9460299376         25.7424206333
460          0.9460299376         25.7424206333
461          0.9460299376         25.7424206333
462          0.9721425699         26.4529714691
463          1.0085650985         27.4440648959
464          1.0085650985         27.4440648959
465          1.0085650985         27.4440648959
466          1.0090826643         27.4581483791
467          1.0090826643         27.4581483791
468          1.0090826643         27.4581483791
469          1.0181885529         27.7059287128
470          1.0181885529         27.7059287128
471          1.0181885529         27.7059287128
472          1.0233114357         27.8453274782
473          1.0233114357         27.8453274782
474          1.0233114357         27.8453274782
475          1.0444932857         28.4217067983
476          1.0485776807         28.5328472705
477          1.0579163537         28.7869619009
478          1.0584881485         28.8025210095
479          1.0688720332         29.0850768945
480          1.0688720332         29.0850768945
481          1.0688720332         29.0850768945
482          1.0772125337         29.3120302538
483          1.0772125337         29.3120302538
484          1.0772125337         29.3120302538
485          1.0782669588         29.3407222153
486          1.0782669588         29.3407222153
487          1.0782669588         29.3407222153
488          1.1117364727         30.2514611593
489          1.1138916483         30.3101056429
490          1.1138916483         30.3101056429
491          1.1138916483         30.3101056429
492          1.1176770756         30.4131109038
493          1.1176770756         30.4131109038
494          1.1176770756         30.4131109038
495          1.1258723428         30.6361123197
496          1.1279841021         30.6935754019
497          1.1286442665         30.7115391369
498          1.1286442665         30.7115391369
499          1.1286442665         30.7115391369
500          1.1677014504         31.7743241655
501          1.1722668555         31.8985534058
502          1.1722668555         31.8985534058
503          1.1722668555         31.8985534058
504          1.1790544244         32.0832499432
505          1.2096720439         32.9163859870
506          1.2096720439         32.9163859870
507          1.2096720439         32.9163859870
508          1.2181063157         33.1458909563
509          1.2267592107         33.3813448818
510          1.2267592107         33.3813448818
511          1.2267592107         33.3813448818
512          1.2395187286         33.7285441247
513          1.2521301677         34.0717139924
514          1.2521301677         34.0717139924
515          1.2521301677         34.0717139924
516          1.2662290749         34.4553593571
517          1.2899972027         35.1021138833
518          1.3134890648         35.7413509415
519          1.3443317560         36.5806114137
520          1.3443317560         36.5806114137
521          1.3443317560         36.5806114137
522          1.4014456539         38.1347376886
523          1.4147514027         38.4968004185
524          1.4587621404         39.6943766035
525          1.4587621404         39.6943766035
526          1.4587621404         39.6943766035
527          1.5148142349         41.2196101457
528          1.5148142349         41.2196101457
529          1.5148142349         41.2196101457
530          1.5175955501         41.2952925136
531          1.5175955501         41.2952925136
532          1.5175955501         41.2952925136
533          1.5413988426         41.9430039060
534          1.5413988426         41.9430039060
535          1.5413988426         41.9430039060
536          1.5575918771         42.3836325686
537          1.5599698198         42.4483387673
538          1.5684582747         42.6793181122
539          1.5694892548         42.7073721110
540          1.5694892548         42.7073721110
541          1.5694892548         42.7073721110
542          1.6151658223         43.9502771905
543          1.6151658223         43.9502771905
544          1.6151658223         43.9502771905
545          1.6161622876         43.9773920077
546          1.6161622876         43.9773920077
547          1.6161622876         43.9773920077
548          1.6286517716         44.3172433579
549          1.6286517716         44.3172433579
550          1.6286517716         44.3172433579
551          1.6311975003         44.3865151805
552          1.6311975003         44.3865151805
553          1.6311975003         44.3865151805
554          1.6376664405         44.5625415124
555          1.6523246855         44.9614070166
556          1.6693475438         45.4246160157
557          1.6974691660         46.1898334769
558          1.7042140714         46.3733690975
559          1.7042140714         46.3733690975
560          1.7042140714         46.3733690975
561          1.7142977277         46.6477554680
562          1.7501834429         47.6242416659
563          1.7501834429         47.6242416659
564          1.7501834429         47.6242416659
565          1.7623541344         47.9554183519
566          1.7637727806         47.9940211330
567          1.7637727806         47.9940211330
568          1.7637727806         47.9940211330
569          1.7888345815         48.6759777962
570          1.7918178165         48.7571546041
571          1.8171888722         49.4475264007
572          1.8265974418         49.7035429897
573          1.8265974418         49.7035429897
574          1.8265974418         49.7035429897
575          1.8763858279         51.0583347641
576          1.8763858279         51.0583347641
577          1.8763858279         51.0583347641
578          1.8978315491         51.6418942813
579          1.9100417654         51.9741464790
580          1.9100417654         51.9741464790
581          1.9100417654         51.9741464790
582          1.9147839567         52.1031862469
583          1.9229233179         52.3246664043
584          1.9316060163         52.5609313108
585          1.9316060163         52.5609313108
586          1.9316060163         52.5609313108
587          1.9495069580         53.0480338329
588          1.9495069580         53.0480338329
589          1.9495069580         53.0480338329
590          1.9816308561         53.9221572254
591          2.0209811086         54.9929169455
592          2.0209811086         54.9929169455
593          2.0209811086         54.9929169455
594          2.0343690961         55.3572174741
595          2.0768197705         56.5123427743
596          2.1168668612         57.6020641601
597          2.1168668612         57.6020641601
598          2.1168668612         57.6020641601
599          2.1885715234         59.5532197226
600          2.1885715234         59.5532197226
601          2.1885715234         59.5532197226
602          2.2140041174         60.2452660389
603          2.2140041174         60.2452660389
604          2.2140041174         60.2452660389
605          2.2140519541         60.2465677239
606          2.2140519541         60.2465677239
607          2.2140519541         60.2465677239
608          2.2279713210         60.6253276154
609          2.2391448332         60.9293700553
610          2.2391448332         60.9293700553
611          2.2391448332         60.9293700553
612          2.2409649975         60.9788985467
613          2.2587326251         61.4623734615
614          2.2872236090         62.2376416244
615          2.2913484380         62.3498823463
616          2.2913484380         62.3498823463
617          2.2913484380         62.3498823463
618          2.3216179089         63.1735449190
619          2.3216179089         63.1735449190
620          2.3216179089         63.1735449190
621          2.3285215714         63.3614004789
622          2.3423603290         63.7379669120
623          2.3423603290         63.7379669120
624          2.3423603290         63.7379669120
625          2.3466336891         63.8542493153
626          2.3501019808         63.9486249988
627          2.3756542314         64.6439272914
628          2.3756542314         64.6439272914
629          2.3756542314         64.6439272914
630          2.4149110853         65.7121455428
631          2.4308266124         66.1452229487
632          2.4308266124         66.1452229487
633          2.4308266124         66.1452229487
634          2.4472217136         66.5913500500
635          2.4592161862         66.9177316418
636          2.4592161862         66.9177316418
637          2.4592161862         66.9177316418
638          2.5218505325         68.6220748385
639          2.5218505325         68.6220748385
640          2.5218505325         68.6220748385
641          2.5506768645         69.4064681606
642          2.5632281690         69.7480017056
643          2.5632281690         69.7480017056
644          2.5632281690         69.7480017056
645          2.5908891238         70.5006839470
646          2.6028948703         70.8273723155
647          2.6092597085         71.0005659291
648          2.6514557669         72.1487628740
649          2.6514557669         72.1487628740
650          2.6514557669         72.1487628740
651          2.6526599848         72.1815308477
652          2.6526599848         72.1815308477
653          2.6526599848         72.1815308477
654          2.6582365342         72.3332743322
655          2.6582365342         72.3332743322
656          2.6582365342         72.3332743322
657          2.6676917341         72.5905597760
658          2.6783913012         72.8817056964
659          2.7044401807         73.5905217566
660          2.7044401807         73.5905217566
661          2.7044401807         73.5905217566
662          2.7163688390         73.9151124777
663          2.7333735989         74.3778290002
664          2.7333735989         74.3778290002
665          2.7333735989         74.3778290002
666          2.7643529113         75.2208070695
667          2.8593393996         77.8054844019
668          2.8593393996         77.8054844019
669          2.8593393996         77.8054844019
670          2.8628330821         77.9005509972
671          2.8878582573         78.5815110399
672          2.8878582573         78.5815110399
673          2.8878582573         78.5815110399
674          2.9206409115         79.4735598438
675          2.9545130093         80.3952534950
676          2.9545130093         80.3952534950
677          2.9545130093         80.3952534950
678          2.9584517538         80.5024306740
679          2.9584517538         80.5024306740
680          2.9584517538         80.5024306740
681          2.9717874147         80.8653073407
682          3.0278919141         82.3919668746
683          3.0431365421         82.8067884470
684          3.0445930497         82.8464214745
685          3.0445930497         82.8464214745
686          3.0445930497         82.8464214745
687          3.0873483797         84.0098367594
688          3.1269637141         85.0878096245
689          3.1269637141         85.0878096245
690          3.1269637141         85.0878096245
691          3.1906181253         86.8199098082
692          3.2119244687         87.3996767191
693          3.2119244687         87.3996767191
694          3.2119244687         87.3996767191
695          3.2182518260         87.5718504377
696          3.2182518260         87.5718504377
697          3.2182518260         87.5718504377
698          3.2360488416         88.0561250295
699          3.2548778703         88.5684817293
700          3.2548778703         88.5684817293
701          3.2548778703         88.5684817293
702          3.2673859793         88.9088398819
703          3.2673859793         88.9088398819
704          3.2673859793         88.9088398819
705          3.2943054919         89.6413467411
706          3.3308620350         90.6360868351
707          3.3509247309         91.1820128526
708          3.3690220260         91.6744583495
709          3.3690220260         91.6744583495
710          3.3690220260         91.6744583495
711          3.4473409443         93.8055944345
712          3.4473409443         93.8055944345
713          3.4473409443         93.8055944346
714          3.4617597933         94.1979457367
715          3.5233426696         95.8736773814
716          3.7286344717        101.4598726089
717          3.7286344717        101.4598726089
718          3.7286344717        101.4598726089
719          3.7908636297        103.1531902282
720          3.9647664393        107.8852595792
721          3.9647664393        107.8852595792
722          3.9647664393        107.8852595792
723          3.9987364043        108.8096162964
724          3.9987364043        108.8096162964
725          3.9987364043        108.8096162964
726          4.0394064172        109.9162880183
727          4.0664304733        110.6516396103
728          4.0854069259        111.1680078593
729          4.0854069259        111.1680078593
730          4.0854069259        111.1680078593
731          4.1697446510        113.4629216975
732          4.2369405581        115.2913895257
733          4.2369405581        115.2913895257
734          4.2369405581        115.2913895257
735          4.2787072347        116.4279025639
736          4.7930213471        130.4229038772
737          4.7930213471        130.4229038772
738          4.7930213471        130.4229038772
739          4.9116249052        133.6502252947
740         20.1255866300        547.6373377891
741         20.1255866300        547.6373377891
742         20.1255866300        547.6373377891
743         20.1452865691        548.1733928331
744         20.1452865691        548.1733928331
745         20.1452865691        548.1733928331
746         20.1992379048        549.6414626277
747         20.2110785961        549.9636596787
748         20.6145455376        560.9423986245
749         20.6145455376        560.9423986245
750         20.6145455376        560.9423986245
751         20.6758791969        562.6113488259
752         20.6758791969        562.6113488259
753         20.6758791969        562.6113488259
754         20.6850341383        562.8604639370
755         20.7374556000        564.2869043322
756         20.8877828887        568.3774601831
757         20.8877828887        568.3774601831
758         20.8877828887        568.3774601831
759         20.9167537301        569.1657857487
760         21.0745234675        573.4588580731
761         21.0745234675        573.4588580731
762         21.0745234675        573.4588580731
763         21.1155916516        574.5763644326
764         21.1414995441        575.2813440956
765         21.1414995441        575.2813440956
766         21.1414995441        575.2813440956
767         21.1452066276        575.3822175433
768         21.1944833788        576.7230872192
769         21.1944833788        576.7230872192
770         21.1944833788        576.7230872192
771         21.2132424551        577.2335404465
772         21.5016078980        585.0802525132
773         21.5016078980        585.0802525132
774         21.5016078980        585.0802525132
775         21.5018738622        585.0874896632
776         21.5474330860        586.3272017020
777         21.5474330860        586.3272017020
778         21.5474330860        586.3272017020
779         21.5490603944        586.3714823922
780         21.6536064976        589.2162864054
781         21.6536064976        589.2162864054
782         21.6536064976        589.2162864054
783         21.6539678176        589.2261182848
784         21.9657646993        597.7104232334
785         21.9657646993        597.7104232334
786         21.9657646993        597.7104232334
787         21.9657769931        597.7107577599
788         22.1163310587        601.8074844394
789         22.1163310587        601.8074844394
790         22.1163310587        601.8074844394
791         22.1267302077        602.0904556816
792         22.2054528162        604.2325765807
793         22.2054528162        604.2325765807
794         22.2054528162        604.2325765807
795         22.2169412678        604.5451888390
796         22.4375114705        610.5471246230
797         22.4375114705        610.5471246230
798         22.4375114705        610.5471246230
799         22.4382502152        610.5672266053
800         22.4572869668        611.0852356545
801         22.4572869668        611.0852356545
802         22.4572869668        611.0852356545
803         22.4581436129        611.1085458510
804         22.6627421751        616.6758773268
805         22.6627421751        616.6758773268
806         22.6627421751        616.6758773268
807         22.6639813902        616.7095976082
808         22.9141611571        623.5172392466
809         22.9141611571        623.5172392466
810         22.9141611571        623.5172392466
811         22.9313299134        623.9844182730
812         23.1215897714        629.1615792700
813         23.1215897714        629.1615792700
814         23.1215897714        629.1615792700
815         23.1368967360        629.5780970821
816         23.6095577089        642.4396748156
817         23.6095577089        642.4396748156
818         23.6095577089        642.4396748156
819         23.8432891593        648.7997413125
820         44.7771426159       1218.4308277216
821         44.7771426159       1218.4308277216
822         44.7771426159       1218.4308277216
823         44.8089454816       1219.2962155003
824         44.9078495791       1221.9874948960
825         44.9078495791       1221.9874948960
826         44.9078495791       1221.9874948961
827         44.9537204970       1223.2356884434
828         45.1158712438       1227.6479724156
829         45.1158712438       1227.6479724156
830         45.1158712438       1227.6479724156
831         45.1351492485       1228.1725461998
832         45.5549141549       1239.5947690680
833         45.5549141549       1239.5947690680
834         45.5549141549       1239.5947690680
835         45.6745123915       1242.8491566847
836         61.5010549224       1673.5052054925
837         61.5010549224       1673.5052054925
838         61.5010549224       1673.5052054925
839         63.4733960911       1727.1745810345
