CIS Excitation Energies:
 #        Hartree                  eV         
--  --------------------  --------------------
 0          0.2601682546          7.0794383768
 1          0.2601682546          7.0794383768
 2          0.2601682546          7.0794383768
 3          0.3020421301          8.2188684011
 4          0.3092671403          8.4154681536
 5          0.3092671403          8.4154681536
 6          0.3092671403          8.4154681536
 7          0.3238098671          8.8111902928
 8          0.3238098671          8.8111902928
 9          0.3238098671          8.8111902928
10          0.3472643886          9.4494112790
11          0.3472643886          9.4494112790
12          0.3472643886          9.4494112790
13          0.3531481926          9.6095154696
14          0.4001562179         10.8886508445
15          0.4237213482         11.5298816071
16          0.4237213482         11.5298816071
17          0.4237213482         11.5298816071
18          0.4502194890         12.2509225161
19          0.4545911157         12.3698788495
20          0.4545911157         12.3698788495
21          0.4545911157         12.3698788495
22          0.4902193685         13.3393592376
23          0.6057751931         16.4837487787
24          0.7571664384         20.6032559549
25          0.7571664384         20.6032559549
26          0.7571664384         20.6032559549
27          0.8253206540         22.4578003149
28          0.8253206540         22.4578003149
29          0.8253206540         22.4578003149
30          0.8628563400         23.4791838684
31          0.8660950514         23.5673124435
32          0.8660950514         23.5673124435
33          0.8660950514         23.5673124435
34          0.9067558409         24.6737331874
35          0.9163726675         24.9354166564
36          0.9163726675         24.9354166564
37          0.9163726675         24.9354166564
38          0.9423254659         25.6416182522
39          0.9491373141         25.8269754544
40          0.9491373141         25.8269754544
41          0.9491373141         25.8269754544
42          0.9734393250         26.4882574721
43          1.0118249726         27.5327693306
44          1.0118249726         27.5327693306
45          1.0118249726         27.5327693306
46          1.0158146112         27.6413313844
47          1.0158146112         27.6413313844
48          1.0158146112         27.6413313844
49          1.0253494006         27.9007825395
50          1.0253494006         27.9007825395
51          1.0253494006         27.9007825395
52          1.0315669290         28.0699677050
53          1.0315669290         28.0699677050
54          1.0315669290         28.0699677050
55          1.0468440310         28.4856729264
56          1.0533283989         28.6621190622
57          1.0609601652         28.8697870544
58          1.0673065042         29.0424772856
59          1.0764323878         29.2908017057
60          1.0764323878         29.2908017057
61          1.0764323878         29.2908017057
62          1.0807136811         29.4072999763
63          1.0807136811         29.4072999763
64          1.0807136811         29.4072999763
65          1.0827734942         29.4633495517
66          1.0827734942         29.4633495517
67          1.0827734942         29.4633495517
68          1.1132271812         30.2920248279
69          1.1178298749         30.4172687251
70          1.1178298749         30.4172687251
71          1.1178298749         30.4172687251
72          1.1189626395         30.4480923825
73          1.1189626395         30.4480923825
74          1.1189626395         30.4480923825
75          1.1286449377         30.7115573988
76          1.1320244193         30.8035164748
77          1.1320244193         30.8035164748
78          1.1320244193         30.8035164748
79          1.1332583987         30.8370942872
80          1.1712502815         31.8708914092
81          1.1751422331         31.9767953052
82          1.1751422331         31.9767953052
83          1.1751422331         31.9767953052
84          1.1803594894         32.1187620649
85          1.2121315981         32.9833129147
86          1.2121315981         32.9833129147
87          1.2121315981         32.9833129147
88          1.2200137638         33.1977945259
89          1.2295969288         33.4585620300
90          1.2295969288         33.4585620300
91          1.2295969288         33.4585620300
92          1.2407339402         33.7616112464
93          1.2545966370         34.1388290905
94          1.2545966370         34.1388290905
95          1.2545966370         34.1388290905
96          1.2785815703         34.7914831102
97          1.2962111097         35.2712005074
98          1.3164265111         35.8212817935
99          1.3468944465         36.6503447850
100          1.3468944465         36.6503447850
101          1.3468944465         36.6503447850
102          1.4035100236         38.1909112514
103          1.4608767640         39.7519176266
104          1.4608767640         39.7519176266
105          1.4608767640         39.7519176266
106          1.5010170130         40.8441739400
107          1.5168379085         41.2746763294
108          1.5168379085         41.2746763294
109          1.5168379085         41.2746763294
110          1.5200943732         41.3632879889
111          1.5200943732         41.3632879889
112          1.5200943732         41.3632879889
113          1.5446600387         42.0317443135
114          1.5446600387         42.0317443135
115          1.5446600387         42.0317443135
116          1.5608513554         42.4723262328
117          1.5691164803         42.6972285445
118          1.5692126646         42.6998458171
119          1.5718222377         42.7708549114
120          1.5718222377         42.7708549114
121          1.5718222377         42.7708549114
122          1.6184821272         44.0405171626
123          1.6184821272         44.0405171626
124          1.6184821272         44.0405171626
125          1.6196566074         44.0724759448
126          1.6196566074         44.0724759448
127          1.6196566074         44.0724759448
128          1.6308869073         44.3780636354
129          1.6308869073         44.3780636354
130          1.6308869073         44.3780636354
131          1.6338806342         44.4595259360
132          1.6338806342         44.4595259360
133          1.6338806342         44.4595259360
134          1.6388019907         44.5934409677
135          1.6542496073         45.0137860633
136          1.6707062544         45.4615878880
137          1.6997450315         46.2517620517
138          1.7058974881         46.4191765479
139          1.7058974881         46.4191765479
140          1.7058974881         46.4191765479
141          1.7162591190         46.7011268862
142          1.7517121959         47.6658405629
143          1.7517121959         47.6658405629
144          1.7517121959         47.6658405629
145          1.7649278155         48.0254507880
146          1.7649278155         48.0254507880
147          1.7649278155         48.0254507880
148          1.7775578940         48.3691278532
149          1.7948031818         48.8383893789
150          1.7972232122         48.9042408283
151          1.8180947113         49.4721751899
152          1.8276866497         49.7331814237
153          1.8276866497         49.7331814237
154          1.8276866497         49.7331814237
155          1.8774769724         51.0880258962
156          1.8774769724         51.0880258962
157          1.8774769724         51.0880258962
158          1.9052544161         51.8438779163
159          1.9100724669         51.9749818975
160          1.9100724669         51.9749818975
161          1.9100724669         51.9749818975
162          1.9148248652         52.1042994080
163          1.9241795233         52.3588490073
164          1.9331756333         52.6036421578
165          1.9331756333         52.6036421578
166          1.9331756333         52.6036421578
167          1.9497783163         53.0554177648
168          1.9497783163         53.0554177648
169          1.9497783163         53.0554177648
170          1.9822048004         53.9377748240
171          2.0216885147         55.0121661736
172          2.0216885147         55.0121661736
173          2.0216885147         55.0121661736
174          2.0439493164         55.6179048490
175          2.0943406310         56.9891029102
176          2.1190691867         57.6619916403
177          2.1190691867         57.6619916403
178          2.1190691867         57.6619916403
179          2.1902938150         59.6000850006
180          2.1902938150         59.6000850006
181          2.1902938150         59.6000850006
182          2.2147754297         60.2662542176
183          2.2147754297         60.2662542176
184          2.2147754297         60.2662542176
185          2.2157340674         60.2923397078
186          2.2157340674         60.2923397078
187          2.2157340674         60.2923397078
188          2.2334118690         60.7733703674
189          2.2400070456         60.9528317167
190          2.2400070456         60.9528317167
191          2.2400070456         60.9528317167
192          2.2412337520         60.9862116243
193          2.2625859349         61.5672258755
194          2.2878721528         62.2552891492
195          2.2921107326         62.3706251450
196          2.2921107326         62.3706251450
197          2.2921107326         62.3706251450
198          2.3226905143         63.2027315850
199          2.3226905143         63.2027315850
200          2.3226905143         63.2027315850
201          2.3317376178         63.4489123169
202          2.3433967561         63.7661691291
203          2.3433967561         63.7661691291
204          2.3433967561         63.7661691291
205          2.3480484943         63.8927475775
206          2.3521025304         64.0030619552
207          2.3764206934         64.6647834869
208          2.3764206934         64.6647834869
209          2.3764206934         64.6647834869
210          2.4193473398         65.8328604620
211          2.4324818928         66.1902647849
212          2.4324818928         66.1902647849
213          2.4324818928         66.1902647849
214          2.4479327687         66.6106985683
215          2.4609971686         66.9661939545
216          2.4609971686         66.9661939545
217          2.4609971686         66.9661939545
218          2.5231924296         68.6585892024
219          2.5231924296         68.6585892024
220          2.5231924296         68.6585892024
221          2.5578679335         69.6021443384
222          2.5646987248         69.7880170000
223          2.5646987248         69.7880170000
224          2.5646987248         69.7880170000
225          2.5996989537         70.7404082298
226          2.6035368751         70.8448419088
227          2.6122408386         71.0816854584
228          2.6528505982         72.1867176282
229          2.6528505982         72.1867176282
230          2.6528505982         72.1867176282
231          2.6530996791         72.1934953677
232          2.6530996791         72.1934953677
233          2.6530996791         72.1934953677
234          2.6583675330         72.3368389408
235          2.6583675330         72.3368389408
236          2.6583675330         72.3368389408
237          2.6681015006         72.6017099321
238          2.6786682110         72.8892406908
239          2.7049475529         73.6043278607
240          2.7049475529         73.6043278607
241          2.7049475529         73.6043278607
242          2.7167912635         73.9266070700
243          2.7347038790         74.4140272513
244          2.7347038790         74.4140272513
245          2.7347038790         74.4140272513
246          2.7719727452         75.4281503690
247          2.8601336219         77.8270959862
248          2.8601336219         77.8270959862
249          2.8601336219         77.8270959862
250          2.8721175844         78.1531915879
251          2.8888273554         78.6078811681
252          2.8888273554         78.6078811681
253          2.8888273554         78.6078811681
254          2.9245695950         79.5804632495
255          2.9554410660         80.4205068469
256          2.9554410660         80.4205068469
257          2.9554410660         80.4205068469
258          2.9592985836         80.5254737588
259          2.9592985836         80.5254737588
260          2.9592985836         80.5254737588
261          2.9737658989         80.9191438756
262          3.0287625890         82.4156588101
263          3.0453553543         82.8671645472
264          3.0453553543         82.8671645472
265          3.0453553543         82.8671645472
266          3.0500500568         82.9949120967
267          3.0899346414         84.0802115269
268          3.1278823261         85.1128059757
269          3.1278823261         85.1128059757
270          3.1278823261         85.1128059757
271          3.1927734724         86.8785589562
272          3.2125793199         87.4174958746
273          3.2125793199         87.4174958746
274          3.2125793199         87.4174958746
275          3.2190800149         87.5943862854
276          3.2190800149         87.5943862854
277          3.2190800149         87.5943862854
278          3.2363345471         88.0638993611
279          3.2557120006         88.5911792487
280          3.2557120006         88.5911792487
281          3.2557120006         88.5911792487
282          3.2682729724         88.9329758510
283          3.2682729724         88.9329758510
284          3.2682729724         88.9329758510
285          3.2948284864         89.6555779445
286          3.3313356596         90.6489746347
287          3.3563004245         91.3282908502
288          3.3699302651         91.6991724424
289          3.3699302651         91.6991724424
290          3.3699302651         91.6991724424
291          3.4481612154         93.8279148324
292          3.4481612154         93.8279148324
293          3.4481612154         93.8279148324
294          3.4685594443         94.3829710394
295          3.5239521557         95.8902621094
296          3.7293908121        101.4804533870
297          3.7293908121        101.4804533870
298          3.7293908121        101.4804533870
299          3.7916220063        103.1738264134
300          3.9658441617        107.9145854846
301          3.9658441617        107.9145854846
302          3.9658441617        107.9145854846
303          3.9998288849        108.8393437874
304          3.9998288849        108.8393437874
305          3.9998288849        108.8393437874
306          4.0397575227        109.9258419496
307          4.0669083599        110.6646433818
308          4.0867277760        111.2039495138
309          4.0867277760        111.2039495138
310          4.0867277760        111.2039495138
311          4.1730795197        113.5536668097
312          4.2378191424        115.3152966833
313          4.2378191424        115.3152966833
314          4.2378191424        115.3152966833
315          4.2791876352        116.4409747413
316          4.7941586318        130.4538505290
317          4.7941586318        130.4538505290
318          4.7941586318        130.4538505290
319          4.9200732069        133.8801120317
320         20.1259220458        547.6464647885
321         20.1259220458        547.6464647885
322         20.1259220458        547.6464647885
323         20.1453945219        548.1763303350
324         20.1453945219        548.1763303350
325         20.1453945219        548.1763303350
326         20.1997118848        549.6543600963
327         20.2113850484        549.9719985528
328         20.6146029727        560.9439614911
329         20.6146029727        560.9439614911
330         20.6146029727        560.9439614911
331         20.6761029301        562.6174368306
332         20.6761029301        562.6174368306
333         20.6761029301        562.6174368306
334         20.6854150280        562.8708283264
335         20.7377894931        564.2959898974
336         20.8878126931        568.3782711910
337         20.8878126931        568.3782711910
338         20.8878126931        568.3782711910
339         20.9169038381        569.1698703378
340         21.0748858154        573.4687179232
341         21.0748858154        573.4687179232
342         21.0748858154        573.4687179232
343         21.1158707931        574.5839601510
344         21.1415117456        575.2816761087
345         21.1415117456        575.2816761087
346         21.1415117456        575.2816761087
347         21.1452326480        575.3829255852
348         21.1945854548        576.7258648114
349         21.1945854548        576.7258648114
350         21.1945854548        576.7258648114
351         21.2134673821        577.2396609338
352         21.5016217556        585.0806295918
353         21.5016217556        585.0806295918
354         21.5016217556        585.0806295918
355         21.5018826763        585.0877295056
356         21.5474565143        586.3278392102
357         21.5474565143        586.3278392102
358         21.5474565143        586.3278392102
359         21.5490821377        586.3720740479
360         21.6536219289        589.2167063081
361         21.6536219289        589.2167063081
362         21.6536219289        589.2167063081
363         21.6539773465        589.2263775752
364         21.9657650217        597.7104320048
365         21.9657650217        597.7104320048
366         21.9657650217        597.7104320048
367         21.9657772010        597.7107634175
368         22.1163770358        601.8087355204
369         22.1163770358        601.8087355204
370         22.1163770358        601.8087355204
371         22.1267990038        602.0923276920
372         22.2054725491        604.2331135349
373         22.2054725491        604.2331135349
374         22.2054725491        604.2331135349
375         22.2170005296        604.5468014116
376         22.4375293812        610.5476119930
377         22.4375293812        610.5476119930
378         22.4375293812        610.5476119930
379         22.4382596559        610.5674834957
380         22.4573084995        611.0858215810
381         22.4573084995        611.0858215810
382         22.4573084995        611.0858215810
383         22.4581548439        611.1088514573
384         22.6627638987        616.6764684489
385         22.6627638987        616.6764684489
386         22.6627638987        616.6764684489
387         22.6639934025        616.7099244750
388         22.9142263824        623.5190140917
389         22.9142263824        623.5190140917
390         22.9142263824        623.5190140917
391         22.9314266368        623.9870502148
392         23.1216172780        629.1623277521
393         23.1216172780        629.1623277521
394         23.1216172780        629.1623277521
395         23.1369734034        629.5801832806
396         23.6112016559        642.4844082587
397         23.6112016559        642.4844082587
398         23.6112016559        642.4844082587
399         23.8450900828        648.8487462424
400         44.7771502022       1218.4310341515
401         44.7771502022       1218.4310341515
402         44.7771502022       1218.4310341515
403         44.8089736604       1219.2969822731
404         44.9079916749       1221.9913614661
405         44.9079916749       1221.9913614661
406         44.9079916749       1221.9913614661
407         44.9538570916       1223.2394053192
408         45.1158767054       1227.6481210318
409         45.1158767054       1227.6481210318
410         45.1158767054       1227.6481210318
411         45.1351759882       1228.1732738149
412         45.5554647721       1239.6097519142
413         45.5554647721       1239.6097519142
414         45.5554647721       1239.6097519142
415         45.6751498515       1242.8665026097
416         61.5110662406       1673.7776234737
417         61.5110662406       1673.7776234737
418         61.5110662406       1673.7776234737
419         63.4832189630       1727.4418712019
