   12
        0.8657865370       -0.0193723516        0.0037285582
       -0.1034653110       -0.0053915536        0.0064806574
        0.0050877830        0.0279025738       -0.0110306541
        0.0005287523        0.0008541335        0.0007205621
       -0.0000862171        0.0012219208       -0.0003643629
       -0.3029817730        0.1651959170        0.0995176887
        0.0004078340       -0.0007663121        0.0006018250
       -0.0033086411        0.0018706724        0.0007392440
        0.0025531857        0.0005286025        0.0008474632
       -0.0801500486        0.0005477647       -0.0099269319
       -0.3656960040       -0.1360388530       -0.0986442324
       -0.0186760972       -0.0365525139        0.0073301829
       -0.0193723516        0.7176364980        0.0541480410
       -0.0103690602       -0.2733669880        0.0732951671
        0.0060738987       -0.0239076217        0.0066234440
       -0.0026717780        0.0001841977        0.0003721110
       -0.0000341409       -0.0004986819        0.0004856351
        0.1668362290       -0.1945676090       -0.0748221434
       -0.0005532231        0.0001522512       -0.0010691715
        0.0009274108       -0.0004635610        0.0005288387
        0.0002638201        0.0021304535       -0.0027411820
        0.0012104704       -0.0749535025       -0.0123598244
       -0.1352609610       -0.1387900880       -0.0478351773
       -0.0070503140       -0.0135553479        0.0033742617
        0.0037285582        0.0541480410        0.8495443900
        0.0098407223        0.0669073952       -0.1483332250
       -0.0019631719       -0.0143396439        0.0088201363
       -0.0001852922       -0.0008200204        0.0002246804
        0.0000129060       -0.0003944161        0.0007147724
        0.0983284325       -0.0748550449       -0.1240515690
       -0.0000132273        0.0006166947       -0.0008896272
        0.0021300832       -0.0010003009       -0.0012642647
        0.0040953274        0.0447441146       -0.0092075818
       -0.0097937990       -0.0138998322       -0.4683474380
       -0.0992957955       -0.0488890088       -0.1123402800
       -0.0068847436       -0.0122179782        0.0051300068
       -0.1034653110       -0.0103690602        0.0098407223
        0.5695174080       -0.0336196753       -0.0221242618
       -0.2010533470        0.0906274387        0.0487257206
       -0.0279327103        0.0249312604        0.0141136567
        0.0014504957       -0.0005359954       -0.0007476675
        0.0069084561        0.0307834012       -0.0166408168
       -0.0031310601       -0.0011856575        0.0001888029
        0.0071241841       -0.0089221850       -0.0052340962
       -0.0589137275        0.0042392981        0.0006760571
       -0.0008219312        0.0017485372       -0.0003625142
        0.0000294054       -0.0331671028        0.0157451181
       -0.1897118620       -0.0645302594       -0.0441807213
       -0.0053915536       -0.2733669880        0.0669073952
       -0.0336196753        0.6326315290        0.0047760905
        0.0802723485       -0.1889071830       -0.0443756529
       -0.0003821527        0.0115925858        0.0011077792
       -0.0001529298       -0.0010833741        0.0046844888
       -0.0084933583       -0.0217250763        0.0116278418
       -0.0026067898        0.0013752650       -0.0062832340
        0.0280827219       -0.0110858675       -0.0090617105
        0.0038615046       -0.0692238641       -0.0146146613
       -0.0005123139        0.0024987917       -0.0024429664
        0.0018690144       -0.0135015929        0.0069082149
       -0.0629268158       -0.0692042255       -0.0192335852
        0.0064806574        0.0732951671       -0.1483332250
       -0.0221242618        0.0047760905        0.7713929130
        0.0480092524       -0.0469094421       -0.1251678160
        0.0007806502       -0.0009489487        0.0071502455
       -0.0008085225        0.0044098083       -0.0095359616
       -0.0022556992       -0.0142806087        0.0065941329
       -0.0004081230       -0.0061786064        0.0145968354
        0.0114589383       -0.0063442090        0.0022791103
        0.0056319763       -0.0196858886       -0.4537805470
        0.0042120422        0.0469229288       -0.0084759334
       -0.0001545723       -0.0130077137        0.0048695522
       -0.0508223381       -0.0220485775       -0.0615893068
        0.0050877830        0.0060738987       -0.0019631719
       -0.2010533470        0.0802723485        0.0480092524
        1.1786982500        0.1637466600        0.0193991468
       -0.8077834390       -0.1435124000       -0.0306472518
       -0.0049802789        0.0043989278        0.0027271035
       -0.0002575808       -0.0018469422        0.0014475912
       -0.0187656954       -0.0151595280       -0.0050112706
       -0.1124997100       -0.1117422690       -0.0431250727
       -0.0023078070        0.0053853727        0.0025209787
        0.0001653782       -0.0012322743        0.0002488264
        0.0002407378        0.0000806558       -0.0001388978
       -0.0365442891        0.0135355503        0.0065327657
        0.0279025738       -0.0239076217       -0.0143396439
        0.0906274387       -0.1889071830       -0.0469094421
        0.1637466600        0.7571506350        0.2311339980
       -0.1497461900       -0.1862967300       -0.0400345502
       -0.0380973425        0.0042770401       -0.0001214570
       -0.0013955961       -0.0046276140        0.0030484320
        0.0293948418        0.0132669605        0.0005911027
       -0.1092217000       -0.3809020260       -0.1334474130
        0.0039132363        0.0003335822        0.0003859944
       -0.0000605630        0.0025730134       -0.0009436173
       -0.0001377706        0.0022364315       -0.0005329419
       -0.0169255879        0.0048035125        0.0011695379
       -0.0110306541        0.0066234440        0.0088201363
        0.0487257206       -0.0443756529       -0.1251678160
        0.0193991468        0.2311339980        0.2972774250
       -0.0314784609       -0.0400460288       -0.0904084091
       -0.0156079080       -0.0017584809        0.0086000439
        0.0011790392        0.0033630118       -0.0006820350
        0.0138690694        0.0025059456        0.0088574908
       -0.0428670583       -0.1329747140       -0.1087597280
        0.0301273152       -0.0266580298       -0.0041390714
       -0.0007661406       -0.0003098323        0.0011771150
       -0.0000722446       -0.0000527653       -0.0000237184
       -0.0114778248        0.0025491040        0.0044485666
        0.0005287523       -0.0026717780       -0.0001852922
       -0.0279327103       -0.0003821527        0.0007806502
       -0.8077834390       -0.1497461900       -0.0314784609
        1.2357846200        0.0851499460       -0.0087159828
       -0.1297019150       -0.1185449290       -0.0478348682
        0.0001582324       -0.0004027937        0.0001553827
       -0.2627131870        0.1809179370        0.0858032506
       -0.0071493766        0.0059785374        0.0029998923
        0.0015122614       -0.0016490955       -0.0018404249
       -0.0000826092       -0.0000273268        0.0000397449
       -0.0005762949        0.0000763471       -0.0001499012
       -0.0020443339        0.0013014978        0.0004260096
        0.0008541335        0.0001841977       -0.0008200204
        0.0249312604        0.0115925858       -0.0009489487
       -0.1435124000       -0.1862967300       -0.0400460288
        0.0851499460        0.8023601150        0.2707280030
       -0.1146107810       -0.3755880660       -0.1333885620
        0.0000194716       -0.0002387889        0.0001685413
        0.1768622940       -0.2543629500       -0.0945847342
       -0.0378162011        0.0039276244       -0.0011255330
        0.0017691446       -0.0007634712        0.0000508704
       -0.0001456031       -0.0000658032       -0.0000633398
        0.0010396382       -0.0004421446        0.0001991997
        0.0054590967       -0.0003065685       -0.0001694478
        0.0007205621        0.0003721110        0.0002246804
        0.0141136567        0.0011077792        0.0071502455
       -0.0306472518       -0.0400345502       -0.0904084091
       -0.0087159828        0.2707280030        0.2761724870
       -0.0459743069       -0.1333771110       -0.1092615390
       -0.0002034767       -0.0003477293        0.0002390873
        0.0841098671       -0.0946567581       -0.0943633516
       -0.0152427946       -0.0028608797        0.0095673523
       -0.0002377393       -0.0000709852        0.0007490544
        0.0000964361       -0.0002244699        0.0000668324
        0.0000027432       -0.0001064842       -0.0000818779
        0.0019782870       -0.0005289262       -0.0000545613
       -0.0000862171       -0.0000341409        0.0000129060
        0.0014504957       -0.0001529298       -0.0008085225
       -0.0049802789       -0.0380973425       -0.0156079080
       -0.1297019150       -0.1146107810       -0.0459743069
        0.1246080230        0.1271465570        0.0511682037
        0.0001403932        0.0000103369        0.0000815999
        0.0137979862        0.0247835472        0.0102241858
       -0.0053627503       -0.0000710210        0.0008992633
        0.0001960212       -0.0001288469        0.0000306217
        0.0000280197        0.0000070612        0.0000070894
       -0.0006349261        0.0008394001       -0.0001676456
        0.0005451490        0.0003081596        0.0001345133
        0.0012219208       -0.0004986819       -0.0003944161
       -0.0005359954       -0.0010833741        0.0044098083
        0.0043989278        0.0042770401       -0.0017584809
       -0.1185449290       -0.3755880660       -0.1333771110
        0.1271465570        0.3801712950        0.1425686690
       -0.0001386203       -0.0001999850        0.0000081807
       -0.0149341093       -0.0092809491       -0.0051358838
       -0.0003218829        0.0025469491       -0.0066358556
       -0.0000192135        0.0002877512        0.0000569626
        0.0000205892        0.0000362682       -0.0000760738
        0.0013727620       -0.0005961714        0.0002615502
        0.0003339932       -0.0000720764        0.0000726502
       -0.0003643629        0.0004856351        0.0007147724
       -0.0007476675        0.0046844888       -0.0095359616
        0.0027271035       -0.0001214570        0.0086000439
       -0.0478348682       -0.1333885620       -0.1092615390
        0.0511682037        0.1425686690        0.0929634848
        0.0001969678        0.0001924431       -0.0000704152
       -0.0068056505       -0.0067275564        0.0014521658
        0.0008321520       -0.0065417924        0.0151858682
        0.0010328724       -0.0013030186       -0.0003182995
       -0.0000823341       -0.0000526990        0.0000538933
       -0.0001163062        0.0001680865        0.0002368930
       -0.0000061101        0.0000357633       -0.0000209058
       -0.3029817730        0.1668362290        0.0983284325
        0.0069084561       -0.0084933583       -0.0022556992
       -0.0002575808       -0.0013955961        0.0011790392
        0.0001582324        0.0000194716       -0.0002034767
        0.0001403932       -0.0001386203        0.0001969678
        0.3078487920       -0.1750865920       -0.1061276440
        0.0000207950        0.0002210907       -0.0001069844
        0.0003588064       -0.0001269860       -0.0002425210
        0.0001118891       -0.0001236209       -0.0002557951
        0.0056102552       -0.0050409360       -0.0061590836
       -0.0185728441        0.0240324502        0.0157627042
        0.0006545781       -0.0007035312       -0.0001159393
        0.1651959170       -0.1945676090       -0.0748550449
        0.0307834012       -0.0217250763       -0.0142806087
       -0.0018469422       -0.0046276140        0.0033630118
       -0.0004027937       -0.0002387889       -0.0003477293
        0.0000103369       -0.0001999850        0.0001924431
       -0.1750865920        0.2010831910        0.0758231737
        0.0000004740        0.0003704269       -0.0001934243
        0.0010208025       -0.0005057993       -0.0002628390
       -0.0005631995        0.0022363810       -0.0009149057
       -0.0022684436        0.0017582269        0.0032259207
       -0.0178317157        0.0141393961        0.0084534296
        0.0009887556        0.0022772506       -0.0002034269
        0.0995176887       -0.0748221434       -0.1240515690
       -0.0166408168        0.0116278418        0.0065941329
        0.0014475912        0.0030484320       -0.0006820350
        0.0001553827        0.0001685413        0.0002390873
        0.0000815999        0.0000081807       -0.0000704152
       -0.1061276440        0.0758231737        0.1165305120
        0.0000001299       -0.0001245044        0.0000496643
       -0.0006652129        0.0003542106        0.0001799195
       -0.0004360758       -0.0008112352        0.0011075805
        0.0357821242       -0.0250928203       -0.0055702493
       -0.0131949439        0.0102603849        0.0056349499
        0.0000801772       -0.0004400617        0.0000384224
        0.0004078340       -0.0005532231       -0.0000132273
       -0.0031310601       -0.0026067898       -0.0004081230
       -0.0187656954        0.0293948418        0.0138690694
       -0.2627131870        0.1768622940        0.0841098671
        0.0137979862       -0.0149341093       -0.0068056505
        0.0000207950        0.0000004740        0.0000001299
        0.2689362890       -0.1884230890       -0.0900213987
        0.0020757192        0.0000350312       -0.0006397555
        0.0003145545       -0.0000600484       -0.0001366696
        0.0000153995        0.0000842490       -0.0000200702
        0.0000253702        0.0000656210       -0.0000148322
       -0.0009840055        0.0001347485        0.0000806605
       -0.0007663121        0.0001522512        0.0006166947
       -0.0011856575        0.0013752650       -0.0061786064
       -0.0151595280        0.0132669605        0.0025059456
        0.1809179370       -0.2543629500       -0.0946567581
        0.0247835472       -0.0092809491       -0.0067275564
        0.0002210907        0.0003704269       -0.0001245044
       -0.1884230890        0.2484451350        0.0993048126
        0.0004533127       -0.0000671863        0.0053082539
        0.0001117639       -0.0004442879       -0.0001909153
        0.0000226225        0.0000136253        0.0000679818
        0.0000076060        0.0002734030       -0.0000261780
       -0.0009832936        0.0002583072        0.0001008299
        0.0006018250       -0.0010691715       -0.0008896272
        0.0001888029       -0.0062832340        0.0145968354
       -0.0050112706        0.0005911027        0.0088574908
        0.0858032506       -0.0945847342       -0.0943633516
        0.0102241858       -0.0051358838        0.0014521658
       -0.0001069844       -0.0001934243        0.0000496643
       -0.0900213987        0.0993048126        0.0801795548
       -0.0004408028        0.0052697572       -0.0101974478
       -0.0016960221        0.0019655250        0.0004811617
        0.0000921052        0.0001267040       -0.0001001688
        0.0000330425        0.0000313130        0.0000300946
        0.0003332668       -0.0000227667       -0.0000963720
       -0.0033086411        0.0009274108        0.0021300832
        0.0071241841        0.0280827219        0.0114589383
       -0.1124997100       -0.1092217000       -0.0428670583
       -0.0071493766       -0.0378162011       -0.0152427946
       -0.0053627503       -0.0003218829        0.0008321520
        0.0003588064        0.0010208025       -0.0006652129
        0.0020757192        0.0004533127       -0.0004408028
        0.1198730120        0.1147678640        0.0445687774
       -0.0016755318        0.0012144652       -0.0000810306
        0.0000603882       -0.0000107740        0.0000021683
       -0.0000675343       -0.0000717438        0.0000044236
        0.0005714348        0.0009757248        0.0003003564
        0.0018706724       -0.0004635610       -0.0010003009
       -0.0089221850       -0.0110858675       -0.0063442090
       -0.1117422690       -0.3809020260       -0.1329747140
        0.0059785374        0.0039276244       -0.0028608797
       -0.0000710210        0.0025469491       -0.0065417924
       -0.0001269860       -0.0005057993        0.0003542106
        0.0000350312       -0.0000671863        0.0052697572
        0.1147678640        0.3860400070        0.1433952720
        0.0007916232       -0.0011075086        0.0001901087
       -0.0000209650       -0.0000087840        0.0000042889
        0.0000389044        0.0001851425       -0.0000388294
       -0.0025992064        0.0014410096        0.0005470873
        0.0007392440        0.0005288387       -0.0012642647
       -0.0052340962       -0.0090617105        0.0022791103
       -0.0431250727       -0.1334474130       -0.1087597280
        0.0029998923       -0.0011255330        0.0095673523
        0.0008992633       -0.0066358556        0.0151858682
       -0.0002425210       -0.0002628390        0.0001799195
       -0.0006397555        0.0053082539       -0.0101974478
        0.0445687774        0.1433952720        0.0928235742
        0.0008304829        0.0004471222       -0.0004389688
       -0.0000089132        0.0000878603       -0.0000997406
        0.0000176275       -0.0000257810        0.0000414351
       -0.0008049288        0.0007917846        0.0006828907
        0.0025531857        0.0002638201        0.0040953274
       -0.0589137275        0.0038615046        0.0056319763
       -0.0023078070        0.0039132363        0.0301273152
        0.0015122614        0.0017691446       -0.0002377393
        0.0001960212       -0.0000192135        0.0010328724
        0.0001118891       -0.0005631995       -0.0004360758
        0.0003145545        0.0001117639       -0.0016960221
       -0.0016755318        0.0007916232        0.0008304829
        0.0743375931       -0.0006515899       -0.0052579845
        0.0010520240       -0.0006871923        0.0000187264
        0.0005214108        0.0007171953        0.0000186111
       -0.0177018736       -0.0095070928       -0.0341274901
        0.0005286025        0.0021304535        0.0447441146
        0.0042392981       -0.0692238641       -0.0196858886
        0.0053853727        0.0003335822       -0.0266580298
       -0.0016490955       -0.0007634712       -0.0000709852
       -0.0001288469        0.0002877512       -0.0013030186
       -0.0001236209        0.0022363810       -0.0008112352
       -0.0000600484       -0.0004442879        0.0019655250
        0.0012144652       -0.0011075086        0.0004471222
       -0.0006515899        0.0742488235        0.0155640286
       -0.0008010401       -0.0079663629        0.0012195141
        0.0004166109        0.0020592731       -0.0010028290
       -0.0083701077       -0.0017907696       -0.0144083180
        0.0008474632       -0.0027411820       -0.0092075818
        0.0006760571       -0.0146146613       -0.4537805470
        0.0025209787        0.0003859944       -0.0041390714
       -0.0018404249        0.0000508704        0.0007490544
        0.0000306217        0.0000569626       -0.0003182995
       -0.0002557951       -0.0009149057        0.0011075805
       -0.0001366696       -0.0001909153        0.0004811617
       -0.0000810306        0.0001901087       -0.0004389688
       -0.0052579845        0.0155640286        0.4628620380
        0.0002272413        0.0013896621        0.0007361450
        0.0000937361       -0.0005037856        0.0007700338
        0.0031758066        0.0013278229        0.0011784553
       -0.0801500486        0.0012104704       -0.0097937990
       -0.0008219312       -0.0005123139        0.0042120422
        0.0001653782       -0.0000605630       -0.0007661406
       -0.0000826092       -0.0001456031        0.0000964361
        0.0000280197        0.0000205892       -0.0000823341
        0.0056102552       -0.0022684436        0.0357821242
        0.0000153995        0.0000226225        0.0000921052
        0.0000603882       -0.0000209650       -0.0000089132
        0.0010520240       -0.0008010401        0.0002272413
        0.0684921592        0.0003690169        0.0103380094
        0.0049800127        0.0015223564       -0.0405348297
        0.0006509524        0.0006638733        0.0004380581
        0.0005477647       -0.0749535025       -0.0138998322
        0.0017485372        0.0024987917        0.0469229288
       -0.0012322743        0.0025730134       -0.0003098323
       -0.0000273268       -0.0000658032       -0.0002244699
        0.0000070612        0.0000362682       -0.0000526990
       -0.0050409360        0.0017582269       -0.0250928203
        0.0000842490        0.0000136253        0.0001267040
       -0.0000107740       -0.0000087840        0.0000878603
       -0.0006871923       -0.0079663629        0.0013896621
        0.0003690169        0.0737039983        0.0103769632
        0.0031581617        0.0006087440       -0.0184827572
        0.0010837126        0.0018017849       -0.0008417075
       -0.0099269319       -0.0123598244       -0.4683474380
       -0.0003625142       -0.0024429664       -0.0084759334
        0.0002488264       -0.0009436173        0.0011771150
        0.0000397449       -0.0000633398        0.0000668324
        0.0000070894       -0.0000760738        0.0000538933
       -0.0061590836        0.0032259207       -0.0055702493
       -0.0000200702        0.0000679818       -0.0001001688
        0.0000021683        0.0000042889       -0.0000997406
        0.0000187264        0.0012195141        0.0007361450
        0.0103380094        0.0103769632        0.4838626520
        0.0062701308        0.0019585643       -0.0041639599
       -0.0004560957       -0.0009674113        0.0008608528
       -0.3656960040       -0.1352609610       -0.0992957955
        0.0000294054        0.0018690144       -0.0001545723
        0.0002407378       -0.0001377706       -0.0000722446
       -0.0005762949        0.0010396382        0.0000027432
       -0.0006349261        0.0013727620       -0.0001163062
       -0.0185728441       -0.0178317157       -0.0131949439
        0.0000253702        0.0000076060        0.0000330425
       -0.0000675343        0.0000389044        0.0000176275
        0.0005214108        0.0004166109        0.0000937361
        0.0049800127        0.0031581617        0.0062701308
        0.3777510590        0.1446719640        0.1061605200
        0.0019996078        0.0006557854        0.0002560624
       -0.1360388530       -0.1387900880       -0.0488890088
       -0.0331671028       -0.0135015929       -0.0130077137
        0.0000806558        0.0022364315       -0.0000527653
        0.0000763471       -0.0004421446       -0.0001064842
        0.0008394001       -0.0005961714        0.0001680865
        0.0240324502        0.0141393961        0.0102603849
        0.0000656210        0.0002734030        0.0000313130
       -0.0000717438        0.0001851425       -0.0000257810
        0.0007171953        0.0020592731       -0.0005037856
        0.0015223564        0.0006087440        0.0019585643
        0.1446719640        0.1394541990        0.0484163323
       -0.0027282903       -0.0056265925        0.0017508579
       -0.0986442324       -0.0478351773       -0.1123402800
        0.0157451181        0.0069082149        0.0048695522
       -0.0001388978       -0.0005329419       -0.0000237184
       -0.0001499012        0.0001991997       -0.0000818779
       -0.0001676456        0.0002615502        0.0002368930
        0.0157627042        0.0084534296        0.0056349499
       -0.0000148322       -0.0000261780        0.0000300946
        0.0000044236       -0.0000388294        0.0000414351
        0.0000186111       -0.0010028290        0.0007700338
       -0.0405348297       -0.0184827572       -0.0041639599
        0.1061605200        0.0484163323        0.1046851300
        0.0019589620        0.0036799861        0.0003417479
       -0.0186760972       -0.0070503140       -0.0068847436
       -0.1897118620       -0.0629268158       -0.0508223381
       -0.0365442891       -0.0169255879       -0.0114778248
       -0.0020443339        0.0054590967        0.0019782870
        0.0005451490        0.0003339932       -0.0000061101
        0.0006545781        0.0009887556        0.0000801772
       -0.0009840055       -0.0009832936        0.0003332668
        0.0005714348       -0.0025992064       -0.0008049288
       -0.0177018736       -0.0083701077        0.0031758066
        0.0006509524        0.0010837126       -0.0004560957
        0.0019996078       -0.0027282903        0.0019589620
        0.2612407390        0.0937180576        0.0629255417
       -0.0365525139       -0.0135553479       -0.0122179782
       -0.0645302594       -0.0692042255       -0.0220485775
        0.0135355503        0.0048035125        0.0025491040
        0.0013014978       -0.0003065685       -0.0005289262
        0.0003081596       -0.0000720764        0.0000357633
       -0.0007035312        0.0022772506       -0.0004400617
        0.0001347485        0.0002583072       -0.0000227667
        0.0009757248        0.0014410096        0.0007917846
       -0.0095070928       -0.0017907696        0.0013278229
        0.0006638733        0.0018017849       -0.0009674113
        0.0006557854       -0.0056265925        0.0036799861
        0.0937180576        0.0799737155        0.0278412606
        0.0073301829        0.0033742617        0.0051300068
       -0.0441807213       -0.0192335852       -0.0615893068
        0.0065327657        0.0011695379        0.0044485666
        0.0004260096       -0.0001694478       -0.0000545613
        0.0001345133        0.0000726502       -0.0000209058
       -0.0001159393       -0.0002034269        0.0000384224
        0.0000806605        0.0001008299       -0.0000963720
        0.0003003564        0.0005470873        0.0006828907
       -0.0341274901       -0.0144083180        0.0011784553
        0.0004380581       -0.0008417075        0.0008608528
        0.0002560624        0.0017508579        0.0003417479
        0.0629255417        0.0278412606        0.0490802034
