12
        6.0000000000        0.1690059610        3.1233433100       -0.3345553720
        6.0000000000       -0.0386421959        0.4206229820        0.7520430680
        6.0000000000        2.0569045600       -1.3758742600       -0.1486055380
        6.0000000000        4.4719971000       -0.8585641720       -0.0315570842
        1.0000000000        5.1968623000        0.9074367080        0.6974099730
        1.0000000000       -1.3822808500        4.2799539600        0.3473315670
        1.0000000000        5.8762121500       -2.2019961400       -0.6625964520
        1.0000000000        1.4102155500       -3.1763622600       -0.8785797820
        1.0000000000       -0.0505049904        0.5084677190        2.8179601800
        1.0000000000        0.1191743850        3.0814658800       -2.3848397600
        1.0000000000        1.9378539900        3.9710910300        0.2692445360
       17.0000000000       -3.1213603000       -0.8957190610       -0.0958753352
