   12
        0.8370475926        0.0000000000        0.0000000000
       -0.1798747870        0.0000000000        0.0000000000
       -0.3622598354       -0.0043795839        0.0000000000
       -0.3622598354        0.0043795839        0.0000000000
        0.0915403453       -0.1804191011        0.0000000000
        0.0915403453        0.1804191011        0.0000000000
       -0.0171749594       -0.0245079226        0.0000000000
       -0.0171749594        0.0245079226        0.0000000000
        0.0004752967        0.0024607710        0.0000000000
        0.0004752967       -0.0024607710        0.0000000000
       -0.0008411094        0.0000000000        0.0000000000
       -0.0814933909        0.0000000000        0.0000000000
        0.0000000000        1.0278249483        0.0000000000
        0.0000000000        0.0014322238        0.0000000000
       -0.1839955296       -0.2535014129        0.0000000000
        0.1839955296       -0.2535014129        0.0000000000
       -0.0355911565       -0.0331732350        0.0000000000
        0.0355911565       -0.0331732350        0.0000000000
        0.0226361785        0.0152888477        0.0000000000
       -0.0226361785        0.0152888477        0.0000000000
        0.0005354550       -0.0069054880        0.0000000000
       -0.0005354550       -0.0069054880        0.0000000000
        0.0000000000        0.0022194853        0.0000000000
        0.0000000000       -0.4748940809        0.0000000000
        0.0000000000        0.0000000000        0.1884038974
        0.0000000000        0.0000000000       -0.0120412214
        0.0000000000        0.0000000000       -0.0870978605
        0.0000000000        0.0000000000       -0.0870978605
        0.0000000000        0.0000000000        0.0104895132
        0.0000000000        0.0000000000        0.0104895132
        0.0000000000        0.0000000000        0.0050726734
        0.0000000000        0.0000000000        0.0050726734
        0.0000000000        0.0000000000        0.0105368359
        0.0000000000        0.0000000000        0.0105368359
        0.0000000000        0.0000000000       -0.0010328181
        0.0000000000        0.0000000000       -0.0533321819
       -0.1798747870        0.0000000000        0.0000000000
        0.8370475926        0.0000000000        0.0000000000
        0.0915403453        0.1804191011        0.0000000000
        0.0915403453       -0.1804191011        0.0000000000
       -0.3622598354        0.0043795839        0.0000000000
       -0.3622598354       -0.0043795839        0.0000000000
        0.0004752967       -0.0024607710        0.0000000000
        0.0004752967        0.0024607710        0.0000000000
       -0.0171749594        0.0245079226        0.0000000000
       -0.0171749594       -0.0245079226        0.0000000000
       -0.0814933909        0.0000000000        0.0000000000
       -0.0008411094        0.0000000000        0.0000000000
        0.0000000000        0.0014322238        0.0000000000
        0.0000000000        1.0278249483        0.0000000000
        0.0355911565       -0.0331732350        0.0000000000
       -0.0355911565       -0.0331732350        0.0000000000
        0.1839955296       -0.2535014129        0.0000000000
       -0.1839955296       -0.2535014129        0.0000000000
       -0.0005354550       -0.0069054880        0.0000000000
        0.0005354550       -0.0069054880        0.0000000000
       -0.0226361785        0.0152888477        0.0000000000
        0.0226361785        0.0152888477        0.0000000000
        0.0000000000       -0.4748940809        0.0000000000
        0.0000000000        0.0022194853        0.0000000000
        0.0000000000        0.0000000000       -0.0120412214
        0.0000000000        0.0000000000        0.1884038974
        0.0000000000        0.0000000000        0.0104895132
        0.0000000000        0.0000000000        0.0104895132
        0.0000000000        0.0000000000       -0.0870978605
        0.0000000000        0.0000000000       -0.0870978605
        0.0000000000        0.0000000000        0.0105368359
        0.0000000000        0.0000000000        0.0105368359
        0.0000000000        0.0000000000        0.0050726734
        0.0000000000        0.0000000000        0.0050726734
        0.0000000000        0.0000000000       -0.0533321819
        0.0000000000        0.0000000000       -0.0010328181
       -0.3622598354       -0.1839955296        0.0000000000
        0.0915403453        0.0355911565        0.0000000000
        0.9801306094       -0.0826090182        0.0000000000
       -0.0955300252        0.0724139723        0.0000000000
       -0.1991222016        0.0898079729        0.0000000000
       -0.0438945289       -0.0785082385        0.0000000000
       -0.3765439084        0.1703474957        0.0000000000
       -0.0037628878        0.0029823721        0.0000000000
        0.0079833849       -0.0371613552        0.0000000000
        0.0014543366       -0.0013252764        0.0000000000
       -0.0063576957        0.0034095750        0.0000000000
        0.0063624069        0.0090468737        0.0000000000
       -0.0043795839       -0.2535014129        0.0000000000
        0.1804191011       -0.0331732350        0.0000000000
       -0.0826090182        0.8847419315        0.0000000000
       -0.0724139723        0.1538971355        0.0000000000
       -0.0898079729       -0.4166390467        0.0000000000
       -0.0785082385       -0.1345480343        0.0000000000
        0.1703474957       -0.1798435634        0.0000000000
        0.0049076880       -0.0026673034        0.0000000000
        0.0099827458       -0.0098694966        0.0000000000
       -0.0013252764       -0.0000759608        0.0000000000
        0.0014842591       -0.0000724955        0.0000000000
       -0.0380972274       -0.0082485186        0.0000000000
        0.0000000000        0.0000000000       -0.0870978605
        0.0000000000        0.0000000000        0.0104895132
        0.0000000000        0.0000000000        0.1884038974
        0.0000000000        0.0000000000        0.0104895132
        0.0000000000        0.0000000000       -0.0870978605
        0.0000000000        0.0000000000       -0.0120412214
        0.0000000000        0.0000000000       -0.0533321819
        0.0000000000        0.0000000000        0.0105368359
        0.0000000000        0.0000000000        0.0050726734
        0.0000000000        0.0000000000       -0.0010328181
        0.0000000000        0.0000000000        0.0105368359
        0.0000000000        0.0000000000        0.0050726734
       -0.3622598354        0.1839955296        0.0000000000
        0.0915403453       -0.0355911565        0.0000000000
       -0.0955300252       -0.0724139723        0.0000000000
        0.9801306094        0.0826090182        0.0000000000
       -0.0438945289        0.0785082385        0.0000000000
       -0.1991222016       -0.0898079729        0.0000000000
       -0.0037628878       -0.0029823721        0.0000000000
       -0.3765439084       -0.1703474957        0.0000000000
        0.0014543366        0.0013252764        0.0000000000
        0.0079833849        0.0371613552        0.0000000000
       -0.0063576957       -0.0034095750        0.0000000000
        0.0063624069       -0.0090468737        0.0000000000
        0.0043795839       -0.2535014129        0.0000000000
       -0.1804191011       -0.0331732350        0.0000000000
        0.0724139723        0.1538971355        0.0000000000
        0.0826090182        0.8847419315        0.0000000000
        0.0785082385       -0.1345480343        0.0000000000
        0.0898079729       -0.4166390467        0.0000000000
       -0.0049076880       -0.0026673034        0.0000000000
       -0.1703474957       -0.1798435634        0.0000000000
        0.0013252764       -0.0000759608        0.0000000000
       -0.0099827458       -0.0098694966        0.0000000000
       -0.0014842591       -0.0000724955        0.0000000000
        0.0380972274       -0.0082485186        0.0000000000
        0.0000000000        0.0000000000       -0.0870978605
        0.0000000000        0.0000000000        0.0104895132
        0.0000000000        0.0000000000        0.0104895132
        0.0000000000        0.0000000000        0.1884038974
        0.0000000000        0.0000000000       -0.0120412214
        0.0000000000        0.0000000000       -0.0870978605
        0.0000000000        0.0000000000        0.0105368359
        0.0000000000        0.0000000000       -0.0533321819
        0.0000000000        0.0000000000       -0.0010328181
        0.0000000000        0.0000000000        0.0050726734
        0.0000000000        0.0000000000        0.0105368359
        0.0000000000        0.0000000000        0.0050726734
        0.0915403453       -0.0355911565        0.0000000000
       -0.3622598354        0.1839955296        0.0000000000
       -0.1991222016       -0.0898079729        0.0000000000
       -0.0438945289        0.0785082385        0.0000000000
        0.9801306094        0.0826090182        0.0000000000
       -0.0955300252       -0.0724139723        0.0000000000
        0.0079833849        0.0371613552        0.0000000000
        0.0014543366        0.0013252764        0.0000000000
       -0.3765439084       -0.1703474957        0.0000000000
       -0.0037628878       -0.0029823721        0.0000000000
        0.0063624069       -0.0090468737        0.0000000000
       -0.0063576957       -0.0034095750        0.0000000000
       -0.1804191011       -0.0331732350        0.0000000000
        0.0043795839       -0.2535014129        0.0000000000
        0.0898079729       -0.4166390467        0.0000000000
        0.0785082385       -0.1345480343        0.0000000000
        0.0826090182        0.8847419315        0.0000000000
        0.0724139723        0.1538971355        0.0000000000
       -0.0099827458       -0.0098694966        0.0000000000
        0.0013252764       -0.0000759608        0.0000000000
       -0.1703474957       -0.1798435634        0.0000000000
       -0.0049076880       -0.0026673034        0.0000000000
        0.0380972274       -0.0082485186        0.0000000000
       -0.0014842591       -0.0000724955        0.0000000000
        0.0000000000        0.0000000000        0.0104895132
        0.0000000000        0.0000000000       -0.0870978605
        0.0000000000        0.0000000000       -0.0870978605
        0.0000000000        0.0000000000       -0.0120412214
        0.0000000000        0.0000000000        0.1884038974
        0.0000000000        0.0000000000        0.0104895132
        0.0000000000        0.0000000000        0.0050726734
        0.0000000000        0.0000000000       -0.0010328181
        0.0000000000        0.0000000000       -0.0533321819
        0.0000000000        0.0000000000        0.0105368359
        0.0000000000        0.0000000000        0.0050726734
        0.0000000000        0.0000000000        0.0105368359
        0.0915403453        0.0355911565        0.0000000000
       -0.3622598354       -0.1839955296        0.0000000000
       -0.0438945289       -0.0785082385        0.0000000000
       -0.1991222016        0.0898079729        0.0000000000
       -0.0955300252        0.0724139723        0.0000000000
        0.9801306094       -0.0826090182        0.0000000000
        0.0014543366       -0.0013252764        0.0000000000
        0.0079833849       -0.0371613552        0.0000000000
       -0.0037628878        0.0029823721        0.0000000000
       -0.3765439084        0.1703474957        0.0000000000
        0.0063624069        0.0090468737        0.0000000000
       -0.0063576957        0.0034095750        0.0000000000
        0.1804191011       -0.0331732350        0.0000000000
       -0.0043795839       -0.2535014129        0.0000000000
       -0.0785082385       -0.1345480343        0.0000000000
       -0.0898079729       -0.4166390467        0.0000000000
       -0.0724139723        0.1538971355        0.0000000000
       -0.0826090182        0.8847419315        0.0000000000
       -0.0013252764       -0.0000759608        0.0000000000
        0.0099827458       -0.0098694966        0.0000000000
        0.0049076880       -0.0026673034        0.0000000000
        0.1703474957       -0.1798435634        0.0000000000
       -0.0380972274       -0.0082485186        0.0000000000
        0.0014842591       -0.0000724955        0.0000000000
        0.0000000000        0.0000000000        0.0104895132
        0.0000000000        0.0000000000       -0.0870978605
        0.0000000000        0.0000000000       -0.0120412214
        0.0000000000        0.0000000000       -0.0870978605
        0.0000000000        0.0000000000        0.0104895132
        0.0000000000        0.0000000000        0.1884038974
        0.0000000000        0.0000000000       -0.0010328181
        0.0000000000        0.0000000000        0.0050726734
        0.0000000000        0.0000000000        0.0105368359
        0.0000000000        0.0000000000       -0.0533321819
        0.0000000000        0.0000000000        0.0050726734
        0.0000000000        0.0000000000        0.0105368359
       -0.0171749594        0.0226361785        0.0000000000
        0.0004752967       -0.0005354550        0.0000000000
       -0.3765439084        0.1703474957        0.0000000000
       -0.0037628878       -0.0049076880        0.0000000000
        0.0079833849       -0.0099827458        0.0000000000
        0.0014543366       -0.0013252764        0.0000000000
        0.3846538533       -0.1776431281        0.0000000000
       -0.0007162143        0.0010038361        0.0000000000
        0.0013526643        0.0001077648        0.0000000000
       -0.0002771393        0.0003026128        0.0000000000
        0.0003898069       -0.0003652744        0.0000000000
        0.0021657663        0.0003616798        0.0000000000
       -0.0245079226        0.0152888477        0.0000000000
       -0.0024607710       -0.0069054880        0.0000000000
        0.1703474957       -0.1798435634        0.0000000000
       -0.0029823721       -0.0026673034        0.0000000000
        0.0371613552       -0.0098694966        0.0000000000
       -0.0013252764       -0.0000759608        0.0000000000
       -0.1776431281        0.1795292378        0.0000000000
       -0.0010038361        0.0007584807        0.0000000000
       -0.0001077648        0.0024368003        0.0000000000
        0.0003026128        0.0000722881        0.0000000000
        0.0016423977       -0.0003475406        0.0000000000
        0.0005772094        0.0016236983        0.0000000000
        0.0000000000        0.0000000000        0.0050726734
        0.0000000000        0.0000000000        0.0105368359
        0.0000000000        0.0000000000       -0.0533321819
        0.0000000000        0.0000000000        0.0105368359
        0.0000000000        0.0000000000        0.0050726734
        0.0000000000        0.0000000000       -0.0010328181
        0.0000000000        0.0000000000        0.0368569400
        0.0000000000        0.0000000000       -0.0001326187
        0.0000000000        0.0000000000       -0.0059986597
        0.0000000000        0.0000000000       -0.0014484015
        0.0000000000        0.0000000000       -0.0001326187
        0.0000000000        0.0000000000       -0.0059986597
       -0.0171749594       -0.0226361785        0.0000000000
        0.0004752967        0.0005354550        0.0000000000
       -0.0037628878        0.0049076880        0.0000000000
       -0.3765439084       -0.1703474957        0.0000000000
        0.0014543366        0.0013252764        0.0000000000
        0.0079833849        0.0099827458        0.0000000000
       -0.0007162143       -0.0010038361        0.0000000000
        0.3846538533        0.1776431281        0.0000000000
       -0.0002771393       -0.0003026128        0.0000000000
        0.0013526643       -0.0001077648        0.0000000000
        0.0003898069        0.0003652744        0.0000000000
        0.0021657663       -0.0003616798        0.0000000000
        0.0245079226        0.0152888477        0.0000000000
        0.0024607710       -0.0069054880        0.0000000000
        0.0029823721       -0.0026673034        0.0000000000
       -0.1703474957       -0.1798435634        0.0000000000
        0.0013252764       -0.0000759608        0.0000000000
       -0.0371613552       -0.0098694966        0.0000000000
        0.0010038361        0.0007584807        0.0000000000
        0.1776431281        0.1795292378        0.0000000000
       -0.0003026128        0.0000722881        0.0000000000
        0.0001077648        0.0024368003        0.0000000000
       -0.0016423977       -0.0003475406        0.0000000000
       -0.0005772094        0.0016236983        0.0000000000
        0.0000000000        0.0000000000        0.0050726734
        0.0000000000        0.0000000000        0.0105368359
        0.0000000000        0.0000000000        0.0105368359
        0.0000000000        0.0000000000       -0.0533321819
        0.0000000000        0.0000000000       -0.0010328181
        0.0000000000        0.0000000000        0.0050726734
        0.0000000000        0.0000000000       -0.0001326187
        0.0000000000        0.0000000000        0.0368569400
        0.0000000000        0.0000000000       -0.0014484015
        0.0000000000        0.0000000000       -0.0059986597
        0.0000000000        0.0000000000       -0.0001326187
        0.0000000000        0.0000000000       -0.0059986597
        0.0004752967        0.0005354550        0.0000000000
       -0.0171749594       -0.0226361785        0.0000000000
        0.0079833849        0.0099827458        0.0000000000
        0.0014543366        0.0013252764        0.0000000000
       -0.3765439084       -0.1703474957        0.0000000000
       -0.0037628878        0.0049076880        0.0000000000
        0.0013526643       -0.0001077648        0.0000000000
       -0.0002771393       -0.0003026128        0.0000000000
        0.3846538533        0.1776431281        0.0000000000
       -0.0007162143       -0.0010038361        0.0000000000
        0.0021657663       -0.0003616798        0.0000000000
        0.0003898069        0.0003652744        0.0000000000
        0.0024607710       -0.0069054880        0.0000000000
        0.0245079226        0.0152888477        0.0000000000
       -0.0371613552       -0.0098694966        0.0000000000
        0.0013252764       -0.0000759608        0.0000000000
       -0.1703474957       -0.1798435634        0.0000000000
        0.0029823721       -0.0026673034        0.0000000000
        0.0001077648        0.0024368003        0.0000000000
       -0.0003026128        0.0000722881        0.0000000000
        0.1776431281        0.1795292378        0.0000000000
        0.0010038361        0.0007584807        0.0000000000
       -0.0005772094        0.0016236983        0.0000000000
       -0.0016423977       -0.0003475406        0.0000000000
        0.0000000000        0.0000000000        0.0105368359
        0.0000000000        0.0000000000        0.0050726734
        0.0000000000        0.0000000000        0.0050726734
        0.0000000000        0.0000000000       -0.0010328181
        0.0000000000        0.0000000000       -0.0533321819
        0.0000000000        0.0000000000        0.0105368359
        0.0000000000        0.0000000000       -0.0059986597
        0.0000000000        0.0000000000       -0.0014484015
        0.0000000000        0.0000000000        0.0368569400
        0.0000000000        0.0000000000       -0.0001326187
        0.0000000000        0.0000000000       -0.0059986597
        0.0000000000        0.0000000000       -0.0001326187
        0.0004752967       -0.0005354550        0.0000000000
       -0.0171749594        0.0226361785        0.0000000000
        0.0014543366       -0.0013252764        0.0000000000
        0.0079833849       -0.0099827458        0.0000000000
       -0.0037628878       -0.0049076880        0.0000000000
       -0.3765439084        0.1703474957        0.0000000000
       -0.0002771393        0.0003026128        0.0000000000
        0.0013526643        0.0001077648        0.0000000000
       -0.0007162143        0.0010038361        0.0000000000
        0.3846538533       -0.1776431281        0.0000000000
        0.0021657663        0.0003616798        0.0000000000
        0.0003898069       -0.0003652744        0.0000000000
       -0.0024607710       -0.0069054880        0.0000000000
       -0.0245079226        0.0152888477        0.0000000000
       -0.0013252764       -0.0000759608        0.0000000000
        0.0371613552       -0.0098694966        0.0000000000
       -0.0029823721       -0.0026673034        0.0000000000
        0.1703474957       -0.1798435634        0.0000000000
        0.0003026128        0.0000722881        0.0000000000
       -0.0001077648        0.0024368003        0.0000000000
       -0.0010038361        0.0007584807        0.0000000000
       -0.1776431281        0.1795292378        0.0000000000
        0.0005772094        0.0016236983        0.0000000000
        0.0016423977       -0.0003475406        0.0000000000
        0.0000000000        0.0000000000        0.0105368359
        0.0000000000        0.0000000000        0.0050726734
        0.0000000000        0.0000000000       -0.0010328181
        0.0000000000        0.0000000000        0.0050726734
        0.0000000000        0.0000000000        0.0105368359
        0.0000000000        0.0000000000       -0.0533321819
        0.0000000000        0.0000000000       -0.0014484015
        0.0000000000        0.0000000000       -0.0059986597
        0.0000000000        0.0000000000       -0.0001326187
        0.0000000000        0.0000000000        0.0368569400
        0.0000000000        0.0000000000       -0.0059986597
        0.0000000000        0.0000000000       -0.0001326187
       -0.0008411094        0.0000000000        0.0000000000
       -0.0814933909        0.0000000000        0.0000000000
       -0.0063576957        0.0014842591        0.0000000000
       -0.0063576957       -0.0014842591        0.0000000000
        0.0063624069        0.0380972274        0.0000000000
        0.0063624069       -0.0380972274        0.0000000000
        0.0003898069        0.0016423977        0.0000000000
        0.0003898069       -0.0016423977        0.0000000000
        0.0021657663       -0.0005772094        0.0000000000
        0.0021657663        0.0005772094        0.0000000000
        0.0769669300        0.0000000000        0.0000000000
        0.0002470016        0.0000000000        0.0000000000
        0.0000000000        0.0022194853        0.0000000000
        0.0000000000       -0.4748940809        0.0000000000
        0.0034095750       -0.0000724955        0.0000000000
       -0.0034095750       -0.0000724955        0.0000000000
       -0.0090468737       -0.0082485186        0.0000000000
        0.0090468737       -0.0082485186        0.0000000000
       -0.0003652744       -0.0003475406        0.0000000000
        0.0003652744       -0.0003475406        0.0000000000
       -0.0003616798        0.0016236983        0.0000000000
        0.0003616798        0.0016236983        0.0000000000
        0.0000000000        0.4872161611        0.0000000000
        0.0000000000       -0.0004518528        0.0000000000
        0.0000000000        0.0000000000       -0.0010328181
        0.0000000000        0.0000000000       -0.0533321819
        0.0000000000        0.0000000000        0.0105368359
        0.0000000000        0.0000000000        0.0105368359
        0.0000000000        0.0000000000        0.0050726734
        0.0000000000        0.0000000000        0.0050726734
        0.0000000000        0.0000000000       -0.0001326187
        0.0000000000        0.0000000000       -0.0001326187
        0.0000000000        0.0000000000       -0.0059986597
        0.0000000000        0.0000000000       -0.0059986597
        0.0000000000        0.0000000000        0.0368569400
        0.0000000000        0.0000000000       -0.0014484015
       -0.0814933909        0.0000000000        0.0000000000
       -0.0008411094        0.0000000000        0.0000000000
        0.0063624069       -0.0380972274        0.0000000000
        0.0063624069        0.0380972274        0.0000000000
       -0.0063576957       -0.0014842591        0.0000000000
       -0.0063576957        0.0014842591        0.0000000000
        0.0021657663        0.0005772094        0.0000000000
        0.0021657663       -0.0005772094        0.0000000000
        0.0003898069       -0.0016423977        0.0000000000
        0.0003898069        0.0016423977        0.0000000000
        0.0002470016        0.0000000000        0.0000000000
        0.0769669300        0.0000000000        0.0000000000
        0.0000000000       -0.4748940809        0.0000000000
        0.0000000000        0.0022194853        0.0000000000
        0.0090468737       -0.0082485186        0.0000000000
       -0.0090468737       -0.0082485186        0.0000000000
       -0.0034095750       -0.0000724955        0.0000000000
        0.0034095750       -0.0000724955        0.0000000000
        0.0003616798        0.0016236983        0.0000000000
       -0.0003616798        0.0016236983        0.0000000000
        0.0003652744       -0.0003475406        0.0000000000
       -0.0003652744       -0.0003475406        0.0000000000
        0.0000000000       -0.0004518528        0.0000000000
        0.0000000000        0.4872161611        0.0000000000
        0.0000000000        0.0000000000       -0.0533321819
        0.0000000000        0.0000000000       -0.0010328181
        0.0000000000        0.0000000000        0.0050726734
        0.0000000000        0.0000000000        0.0050726734
        0.0000000000        0.0000000000        0.0105368359
        0.0000000000        0.0000000000        0.0105368359
        0.0000000000        0.0000000000       -0.0059986597
        0.0000000000        0.0000000000       -0.0059986597
        0.0000000000        0.0000000000       -0.0001326187
        0.0000000000        0.0000000000       -0.0001326187
        0.0000000000        0.0000000000       -0.0014484015
        0.0000000000        0.0000000000        0.0368569400
