    3
        0.0927643390        0.0000000000        0.0000000000
       -0.0463821695        0.0000000000        0.0000000000
       -0.0463821695        0.0000000000        0.0000000000
        0.0000000000        0.3171327134        0.0000000000
        0.0000000000       -0.1585663567        0.0800202030
        0.0000000000       -0.1585663567       -0.0800202030
        0.0000000000        0.0000000000        0.2800907293
        0.0000000000        0.0347765865       -0.1400453646
        0.0000000000       -0.0347765865       -0.1400453646
       -0.0463821695        0.0000000000        0.0000000000
        0.0514668232        0.0000000000        0.0000000000
       -0.0050846537        0.0000000000        0.0000000000
        0.0000000000       -0.1585663567        0.0347765865
        0.0000000000        0.1730075524       -0.0573983947
        0.0000000000       -0.0144411957        0.0226218083
        0.0000000000        0.0800202030       -0.1400453646
        0.0000000000       -0.0573983947        0.1268373488
        0.0000000000       -0.0226218083        0.0132080159
       -0.0463821695        0.0000000000        0.0000000000
       -0.0050846537        0.0000000000        0.0000000000
        0.0514668232        0.0000000000        0.0000000000
        0.0000000000       -0.1585663567       -0.0347765865
        0.0000000000       -0.0144411957       -0.0226218083
        0.0000000000        0.1730075524        0.0573983947
        0.0000000000       -0.0800202030       -0.1400453646
        0.0000000000        0.0226218083        0.0132080159
        0.0000000000        0.0573983947        0.1268373488
