12
6.00000000       0.00000000     2.62065942     0.00000000
6.00000000      -2.26955763     1.31032971     0.00000000
6.00000000      -2.26955763    -1.31032971     0.00000000
6.00000000       0.00000000    -2.62065942     0.00000000
6.00000000       2.26955763    -1.31032971     0.00000000 
6.00000000       2.26955763     1.31032971     0.00000000
1.00000000      -4.04130651     2.33324940     0.00000000
1.00000000      -4.04130651    -2.33324940     0.00000000
1.00000000       0.00000000    -4.66649880     0.00000000
1.00000000       4.04130651    -2.33324940     0.00000000
1.00000000       4.04130651     2.33324940     0.00000000
1.00000000       0.00000000     4.66649880     0.00000000
